0 0.0296875 0.0265625 0.04609375 0.05
0 0.0203125 0.0796875 0.040625 0.0609375
0 0.065625 0.08203125 0.0484375 0.0765625
0 0.11640625 0.06484375 0.03671875 0.0515625
0 0.1359375 0.02578125 0.034375 0.0515625
0 0.171875 0.046875 0.0296875 0.04765625
0 0.2015625 0.02421875 0.04375 0.0453125
0 0.20859375 0.11796875 0.0453125 0.07265625
0 0.15703125 0.1078125 0.0421875 0.06640625
0 0.11171875 0.12265625 0.0390625 0.05703125
0 0.04375 0.1828125 0.04609375 0.0703125
0 0.03828125 0.25078125 0.0328125 0.0453125
0 0.08515625 0.24765625 0.046875 0.07265625
0 0.10390625 0.1921875 0.04765625 0.05
0 0.146875 0.18125 0.03125 0.05
0 0.1765625 0.16484375 0.0375 0.05234375
0 0.14453125 0.2453125 0.034375 0.059375
0 0.165625 0.2125 0.021875 0.03671875
0 0.18125 0.25546875 0.0359375 0.0484375
0 0.18671875 0.209375 0.02265625 0.034375
0 0.221875 0.23984375 0.0328125 0.053125
0 0.21953125 0.19921875 0.03125 0.04375
0 0.26015625 0.1734375 0.03984375 0.053125
0 0.259375 0.121875 0.021875 0.0375
0 0.2359375 0.04296875 0.0296875 0.0390625
0 0.26640625 0.07265625 0.0359375 0.053125
0 0.2703125 0.01875 0.03359375 0.03359375
0 0.30859375 0.04921875 0.05234375 0.08203125
0 0.35703125 0.08984375 0.03359375 0.04921875
0 0.359375 0.028125 0.0359375 0.0515625
0 0.24609375 0.24921875 0.01953125 0.0234375
0 0.24765625 0.21953125 0.021875 0.03515625
0 0.27421875 0.23515625 0.03515625 0.05703125
0 0.12421875 0.30390625 0.05234375 0.0640625
0 0.06484375 0.3265625 0.0390625 0.06875
0 0.02109375 0.31171875 0.0421875 0.078125
0 0.1046875 0.3890625 0.0484375 0.07578125
0 0.034375 0.4265625 0.04765625 0.08984375
0 0.0546875 0.49765625 0.03515625 0.05
0 0.078125 0.4546875 0.0359375 0.05234375
0 0.146875 0.42578125 0.0375 0.05390625
0 0.1546875 0.359375 0.0453125 0.06875
0 0.19296875 0.39921875 0.03984375 0.06875
0 0.21484375 0.29453125 0.04140625 0.0578125
0 0.2203125 0.346875 0.021875 0.03203125
0 0.24140625 0.4328125 0.04375 0.07265625
0 0.23046875 0.38359375 0.0265625 0.03984375
0 0.26015625 0.3328125 0.04453125 0.06953125
0 0.24921875 0.28125 0.0265625 0.03828125
0 0.303125 0.1265625 0.040625 0.05625
0 0.35625 0.159375 0.0359375 0.06171875
0 0.29921875 0.196875 0.03125 0.0515625
0 0.3453125 0.221875 0.02890625 0.04375
0 0.31015625 0.2390625 0.0296875 0.040625
0 0.3375 0.2828125 0.03046875 0.0515625
0 0.30390625 0.29609375 0.02734375 0.05
0 0.30234375 0.359375 0.03203125 0.05
0 0.328125 0.3328125 0.02421875 0.034375
0 0.37109375 0.315625 0.046875 0.096875
0 0.41484375 0.29921875 0.03125 0.0515625
0 0.39921875 0.209375 0.0609375 0.09609375
0 0.39921875 0.13125 0.02890625 0.0390625
0 0.38671875 0.08671875 0.02421875 0.0375
0 0.415625 0.09453125 0.02890625 0.04296875
0 0.40703125 0.03671875 0.04921875 0.06640625
0 0.49140625 0.01953125 0.04140625 0.0390625
0 0.46171875 0.0734375 0.04140625 0.0578125
0 0.471875 0.121875 0.03203125 0.03984375
0 0.5125 0.0984375 0.04609375 0.07734375
0 0.5 0.19296875 0.05625 0.0828125
0 0.4515625 0.2546875 0.040625 0.04375
0 0.45078125 0.209375 0.03203125 0.0453125
0 0.4828125 0.2921875 0.03671875 0.053125
0 0.50859375 0.26484375 0.02578125 0.03671875
0 0.52578125 0.3171875 0.03046875 0.05
0 0.53671875 0.26640625 0.0234375 0.03984375
0 0.56875 0.23046875 0.05078125 0.071875
0 0.55390625 0.175 0.0328125 0.046875
0 0.57734375 0.09765625 0.0515625 0.06796875
0 0.5390625 0.0296875 0.03984375 0.0546875
0 0.59921875 0.034375 0.03828125 0.0546875
0 0.6296875 0.0640625 0.0375 0.05
0 0.6671875 0.08828125 0.02734375 0.04375
0 0.625 0.125 0.03125 0.053125
0 0.60078125 0.15703125 0.0328125 0.05
0 0.63359375 0.20703125 0.053125 0.07890625
0 0.65390625 0.13515625 0.025 0.04296875
0 0.68203125 0.128125 0.028125 0.03984375
0 0.70625 0.09296875 0.03359375 0.0578125
0 0.6875 0.0421875 0.02578125 0.04140625
0 0.6359375 0.01484375 0.02734375 0.0296875
0 0.65390625 0.0375 0.01953125 0.028125
0 0.72734375 0.05 0.04375 0.059375
0 0.74609375 0.01640625 0.0453125 0.0328125
0 0.74765625 0.103125 0.03828125 0.05078125
0 0.79375 0.08125 0.03984375 0.06328125
0 0.78515625 0.0265625 0.028125 0.04375
0 0.81171875 0.0234375 0.025 0.04140625
0 0.8453125 0.03671875 0.0421875 0.06328125
0 0.88359375 0.02734375 0.02890625 0.0453125
0 0.91328125 0.0171875 0.04453125 0.034375
0 0.9625 0.02265625 0.053125 0.04296875
0 0.89609375 0.09609375 0.0515625 0.07734375
0 0.84296875 0.103125 0.0484375 0.06875
0 0.778125 0.13828125 0.0421875 0.05390625
0 0.94140625 0.0671875 0.0484375 0.059375
0 0.96328125 0.1234375 0.02421875 0.04296875
0 0.98515625 0.10859375 0.0296875 0.0703125
0 0.9765625 0.05625 0.0234375 0.034375
0 0.9359375 0.11953125 0.028125 0.0390625
0 0.73046875 0.15703125 0.04140625 0.05625
0 0.68125 0.18515625 0.03515625 0.05
0 0.7015625 0.1375 0.0203125 0.0328125
0 0.678125 0.29453125 0.03203125 0.053125
0 0.62109375 0.3765625 0.03203125 0.05234375
0 0.6203125 0.328125 0.02578125 0.04453125
0 0.6421875 0.284375 0.02734375 0.04296875
0 0.665625 0.2484375 0.02265625 0.0390625
0 0.69375 0.2375 0.03984375 0.0546875
0 0.73203125 0.22421875 0.04375 0.06484375
0 0.7703125 0.1953125 0.0390625 0.05703125
0 0.8109375 0.20625 0.034375 0.059375
0 0.83984375 0.18203125 0.03203125 0.05859375
0 0.8578125 0.23203125 0.03125 0.0421875
0 0.86875 0.18984375 0.02734375 0.04375
0 0.8671875 0.15390625 0.01953125 0.0328125
0 0.903125 0.17109375 0.03984375 0.05234375
0 0.94609375 0.17734375 0.0421875 0.0609375
0 0.98359375 0.1734375 0.0328125 0.0546875
0 0.89375 0.2359375 0.040625 0.071875
0 0.92421875 0.21640625 0.03203125 0.04921875
0 0.96796875 0.2640625 0.0484375 0.0890625
0 0.91171875 0.30703125 0.053125 0.06484375
0 0.93125 0.2609375 0.02578125 0.03515625
0 0.8625 0.28828125 0.0484375 0.0578125
0 0.82265625 0.26796875 0.02421875 0.04375
0 0.7875 0.346875 0.04453125 0.0734375
0 0.79453125 0.28984375 0.0328125 0.04765625
0 0.77734375 0.24609375 0.0390625 0.04375
0 0.746875 0.28046875 0.03125 0.04609375
0 0.7625 0.3140625 0.02265625 0.0375
0 0.72734375 0.334375 0.04609375 0.06953125
0 0.60078125 0.28125 0.03671875 0.05546875
0 0.5625 0.2984375 0.028125 0.04765625
0 0.828125 0.31640625 0.04140625 0.04453125
0 0.98671875 0.340625 0.0265625 0.05390625
0 0.92265625 0.36171875 0.03515625 0.04296875
0 0.9546875 0.365625 0.03515625 0.05078125
0 0.8421875 0.3671875 0.040625 0.05703125
0 0.8796875 0.37890625 0.03046875 0.04609375
0 0.87265625 0.334375 0.02578125 0.040625
0 0.90390625 0.4125 0.03359375 0.0609375
0 0.6578125 0.36640625 0.04140625 0.0625
0 0.7203125 0.39921875 0.04921875 0.06484375
0 0.74375 0.48046875 0.03671875 0.046875
0 0.75390625 0.43984375 0.0234375 0.03515625
0 0.77578125 0.40546875 0.03984375 0.04453125
0 0.81640625 0.44140625 0.040625 0.0796875
0 0.8578125 0.43671875 0.0453125 0.06015625
0 0.8921875 0.46953125 0.03046875 0.0453125
0 0.91640625 0.45703125 0.0234375 0.03203125
0 0.94140625 0.42578125 0.0390625 0.0734375
0 0.98125 0.41328125 0.0375 0.0796875
0 0.778125 0.44921875 0.02734375 0.040625
0 0.715625 0.45703125 0.03125 0.04140625
0 0.6953125 0.43515625 0.021875 0.03671875
0 0.66953125 0.46953125 0.0484375 0.0796875
0 0.64609375 0.32578125 0.025 0.03671875
0 0.546875 0.43984375 0.05234375 0.06640625
0 0.55859375 0.38125 0.015625 0.03046875
0 0.58828125 0.35625 0.0296875 0.05625
0 0.61171875 0.4296875 0.03515625 0.0453125
0 0.509375 0.3890625 0.06015625 0.07734375
0 0.4484375 0.3375 0.0390625 0.06015625
0 0.45703125 0.3984375 0.02734375 0.04609375
0 0.45390625 0.47109375 0.04140625 0.0796875
0 0.47421875 0.4265625 0.02265625 0.03203125
0 0.4953125 0.459375 0.03828125 0.05546875
0 0.52265625 0.4875 0.0234375 0.0375
0 0.55859375 0.5109375 0.04765625 0.0734375
0 0.615625 0.5171875 0.0515625 0.09765625
0 0.4171875 0.38359375 0.03828125 0.05859375
0 0.371875 0.4234375 0.04609375 0.05703125
0 0.384375 0.38046875 0.02109375 0.03046875
0 0.41875 0.4359375 0.025 0.04375
0 0.3359375 0.39375 0.0390625 0.0546875
0 0.2921875 0.4265625 0.0390625 0.05625
0 0.20625 0.51328125 0.0359375 0.0671875
0 0.20390625 0.45625 0.02734375 0.03984375
0 0.16015625 0.49375 0.034375 0.05859375
0 0.1203125 0.50546875 0.03984375 0.078125
0 0.08359375 0.5609375 0.04453125 0.06875
0 0.02734375 0.56640625 0.04296875 0.07578125
0 0.121875 0.5796875 0.02265625 0.03515625
0 0.15625 0.565625 0.02890625 0.04765625
0 0.24921875 0.54609375 0.03671875 0.0640625
0 0.28984375 0.5265625 0.03046875 0.0515625
0 0.2875 0.47734375 0.0234375 0.0390625
0 0.31484375 0.4890625 0.02421875 0.0390625
0 0.33046875 0.45234375 0.03046875 0.03125
0 0.35 0.4859375 0.02890625 0.04921875
0 0.4 0.48984375 0.04140625 0.06875
0 0.33203125 0.5609375 0.0546875 0.0875
0 0.38984375 0.559375 0.0359375 0.06015625
0 0.43125 0.55546875 0.028125 0.053125
0 0.49609375 0.521875 0.03828125 0.05859375
0 0.47421875 0.58046875 0.040625 0.05546875
0 0.521875 0.559375 0.0390625 0.0515625
0 0.628125 0.5984375 0.02578125 0.03359375
0 0.64765625 0.56328125 0.03203125 0.0484375
0 0.65703125 0.528125 0.01796875 0.0328125
0 0.68515625 0.5609375 0.03203125 0.05078125
0 0.70390625 0.50859375 0.02890625 0.0453125
0 0.71953125 0.56875 0.025 0.053125
0 0.7390625 0.5328125 0.0359375 0.04375
0 0.7765625 0.50625 0.04140625 0.05859375
0 0.82265625 0.5203125 0.04921875 0.0609375
0 0.85703125 0.48984375 0.03046875 0.04453125
0 0.87734375 0.53125 0.03359375 0.04609375
0 0.9140625 0.52890625 0.03828125 0.0625
0 0.9328125 0.48125 0.02890625 0.0390625
0 0.9703125 0.5046875 0.059375 0.11015625
0 0.94453125 0.58046875 0.03046875 0.04765625
0 0.91328125 0.6140625 0.04765625 0.07109375
0 0.921875 0.67578125 0.02890625 0.05
0 0.8828125 0.57734375 0.03359375 0.04609375
0 0.81640625 0.5921875 0.065625 0.075
0 0.86796875 0.6546875 0.05390625 0.075
0 0.79609375 0.75859375 0.028125 0.04453125
0 0.81171875 0.715625 0.0390625 0.05078125
0 0.821875 0.6671875 0.03125 0.0421875
0 0.75859375 0.63203125 0.040625 0.075
0 0.75703125 0.57265625 0.03359375 0.03984375
0 0.7875 0.55078125 0.021875 0.034375
0 0.7078125 0.63984375 0.03984375 0.0640625
0 0.659375 0.61875 0.0375 0.0578125
0 0.66484375 0.66796875 0.028125 0.040625
0 0.63125 0.665625 0.03671875 0.059375
0 0.6078125 0.6171875 0.03125 0.04375
0 0.56640625 0.603125 0.0390625 0.05078125
0 0.57890625 0.6546875 0.04140625 0.05859375
0 0.59765625 0.70625 0.0328125 0.04296875
0 0.60546875 0.753125 0.03671875 0.04609375
0 0.646875 0.759375 0.03125 0.04765625
0 0.6515625 0.71171875 0.02265625 0.0328125
0 0.69609375 0.71640625 0.05390625 0.06796875
0 0.74140625 0.684375 0.03515625 0.05390625
0 0.78203125 0.69375 0.0328125 0.04921875
0 0.85625 0.7203125 0.02734375 0.05078125
0 0.8890625 0.759375 0.04453125 0.08515625
0 0.93046875 0.7671875 0.034375 0.05703125
0 0.96015625 0.79765625 0.040625 0.0578125
0 0.96640625 0.6796875 0.04296875 0.05546875
0 0.96015625 0.8546875 0.03828125 0.05546875
0 0.9515625 0.9109375 0.04140625 0.05546875
0 0.90859375 0.9609375 0.0703125 0.059375
0 0.89921875 0.9015625 0.04296875 0.05625
0 0.91953125 0.83359375 0.04296875 0.06640625
0 0.86484375 0.846875 0.0484375 0.08125
0 0.83671875 0.771875 0.04296875 0.071875
0 0.8 0.80546875 0.03359375 0.0421875
0 0.81328125 0.8890625 0.03359375 0.05859375
0 0.82578125 0.83828125 0.02890625 0.053125
0 0.79921875 0.94609375 0.03515625 0.04765625
0 0.81796875 0.97890625 0.02578125 0.03515625
0 0.84765625 0.93828125 0.03984375 0.0859375
0 0.7828125 0.85703125 0.03828125 0.06328125
0 0.775 0.9140625 0.028125 0.04140625
0 0.75078125 0.98046875 0.03203125 0.0390625
0 0.78671875 0.98828125 0.0359375 0.0234375
0 0.73828125 0.91015625 0.0421875 0.096875
0 0.68984375 0.953125 0.02421875 0.0359375
0 0.6671875 0.975 0.03828125 0.05
0 0.63125 0.97890625 0.025 0.03984375
0 0.60390625 0.984375 0.03046875 0.03125
0 0.68359375 0.9 0.04453125 0.06328125
0 0.71484375 0.86875 0.02265625 0.0421875
0 0.7234375 0.79453125 0.04375 0.06640625
0 0.75078125 0.7390625 0.04140625 0.0484375
0 0.684375 0.775 0.0265625 0.04609375
0 0.6890625 0.834375 0.0359375 0.05546875
0 0.640625 0.8203125 0.04375 0.06484375
0 0.60390625 0.79921875 0.0265625 0.0390625
0 0.55703125 0.7359375 0.04921875 0.09453125
0 0.62890625 0.91796875 0.04140625 0.07421875
0 0.58671875 0.86796875 0.0484375 0.0796875
0 0.5296875 0.828125 0.05234375 0.06640625
0 0.534375 0.8953125 0.028125 0.05859375
0 0.5609375 0.9421875 0.0328125 0.0515625
0 0.4953125 0.96484375 0.0515625 0.0703125
0 0.4921875 0.88515625 0.04140625 0.06640625
0 0.45234375 0.88203125 0.02734375 0.04765625
0 0.4390625 0.97421875 0.040625 0.05078125
0 0.4390625 0.92265625 0.0265625 0.03203125
0 0.39609375 0.97734375 0.028125 0.04453125
0 0.3640625 0.96953125 0.03515625 0.0609375
0 0.37890625 0.90859375 0.0515625 0.06875
0 0.4203125 0.87265625 0.02890625 0.0484375
0 0.4390625 0.8234375 0.03046875 0.05078125
0 0.471875 0.82578125 0.0328125 0.0515625
0 0.3265625 0.92421875 0.0453125 0.0703125
0 0.28828125 0.978125 0.0328125 0.04296875
0 0.25703125 0.96171875 0.03203125 0.04765625
0 0.1890625 0.965625 0.05234375 0.06875
0 0.2296875 0.93203125 0.0328125 0.05390625
0 0.25390625 0.878125 0.03515625 0.05625
0 0.284375 0.9046875 0.03515625 0.06015625
0 0.2875 0.846875 0.01875 0.03046875
0 0.31015625 0.85234375 0.02421875 0.03671875
0 0.33359375 0.83984375 0.0234375 0.03359375
0 0.35859375 0.865625 0.025 0.03359375
0 0.5109375 0.6484375 0.05703125 0.08984375
0 0.48515625 0.715625 0.04765625 0.0625
0 0.49765625 0.77421875 0.03046875 0.04375
0 0.45703125 0.7609375 0.0375 0.0578125
0 0.434375 0.71953125 0.03359375 0.04140625
0 0.4515625 0.653125 0.03125 0.0515625
0 0.4296875 0.61640625 0.034375 0.05703125
0 0.37109375 0.63046875 0.04296875 0.0765625
0 0.4140625 0.6765625 0.03984375 0.0625
0 0.33359375 0.72734375 0.02421875 0.040625
0 0.3578125 0.696875 0.03671875 0.05234375
0 0.3890625 0.79296875 0.05859375 0.1
0 0.309375 0.69296875 0.028125 0.03828125
0 0.315625 0.6515625 0.03515625 0.0484375
0 0.3078125 0.753125 0.0375 0.05234375
0 0.30546875 0.80546875 0.02890625 0.0484375
0 0.3375 0.8 0.02421875 0.03515625
0 0.271875 0.80703125 0.03125 0.0515625
0 0.1203125 0.93359375 0.0390625 0.059375
0 0.14765625 0.959375 0.02109375 0.03203125
0 0.07734375 0.9703125 0.0453125 0.059375
0 0.02578125 0.965625 0.040625 0.06796875
0 0.0109375 0.91015625 0.021875 0.05
0 0.015625 0.85859375 0.03046875 0.04921875
0 0.0484375 0.76796875 0.06171875 0.10625
0 0.02421875 0.6890625 0.034375 0.04375
0 0.0109375 0.63828125 0.021875 0.065625
0 0.059375 0.89296875 0.053125 0.0734375
0 0.09453125 0.82890625 0.034375 0.05390625
0 0.12421875 0.865625 0.03828125 0.0625
0 0.16875 0.9 0.03984375 0.053125
0 0.21484375 0.875 0.03125 0.05234375
0 0.23046875 0.82578125 0.03125 0.04765625
0 0.19140625 0.80703125 0.04296875 0.078125
0 0.146875 0.81875 0.04140625 0.05625
0 0.13203125 0.7609375 0.03125 0.04296875
0 0.09140625 0.7234375 0.025 0.03828125
0 0.06328125 0.65546875 0.04609375 0.08125
0 0.10703125 0.63359375 0.028125 0.04921875
0 0.1015625 0.68125 0.03046875 0.04375
0 0.11796875 0.7203125 0.02734375 0.0359375
0 0.1578125 0.67421875 0.046875 0.0625
0 0.14296875 0.6203125 0.0296875 0.04375
0 0.18359375 0.60546875 0.03671875 0.05859375
0 0.21328125 0.6703125 0.0359375 0.05078125
0 0.20859375 0.63203125 0.01796875 0.0265625
0 0.2171875 0.60234375 0.01953125 0.02734375
0 0.21796875 0.56953125 0.021875 0.03125
0 0.171875 0.72890625 0.03359375 0.059375
0 0.2140625 0.73203125 0.0296875 0.0515625
0 0.2578125 0.721875 0.0515625 0.08046875
0 0.27890625 0.63203125 0.0328125 0.04921875
0 0.23984375 0.61953125 0.04140625 0.0578125
0 0.28671875 0.58203125 0.02578125 0.0421875