0 0.0234375 0.05546875 0.046875 0.1109375
0 0.025 0.30625 0.05 0.1125
0 0.06484375 0.21796875 0.07421875 0.11171875
0 0.14765625 0.13828125 0.0859375 0.13984375
0 0.08125 0.13046875 0.0453125 0.0609375
0 0.0953125 0.0453125 0.0578125 0.06640625
0 0.025 0.77578125 0.05 0.1140625
0 0.040625 0.66015625 0.06953125 0.10625
0 0.04921875 0.5625 0.059375 0.09140625
0 0.06015625 0.4609375 0.04375 0.075
0 0.0703125 0.3890625 0.053125 0.08828125
0 0.0953125 0.30234375 0.0515625 0.07109375
0 0.02421875 0.509375 0.04296875 0.06796875
0 0.11484375 0.52421875 0.07109375 0.11796875
0 0.0421875 0.96484375 0.05625 0.0703125
0 0.03046875 0.89296875 0.0609375 0.0890625
0 0.09140625 0.81875 0.08203125 0.11640625
0 0.17890625 0.82578125 0.06953125 0.115625
0 0.23125 0.96484375 0.071875 0.0703125
0 0.2375 0.88671875 0.0609375 0.09140625
0 0.12265625 0.94375 0.09765625 0.11171875
0 0.33515625 0.9390625 0.0890625 0.121875
0 0.4125 0.97109375 0.053125 0.0578125
0 0.46796875 0.95859375 0.0609375 0.08046875
0 0.53515625 0.9453125 0.0421875 0.05859375
0 0.49375 0.89765625 0.04375 0.0734375
0 0.55390625 0.8703125 0.053125 0.084375
0 0.596875 0.9359375 0.05546875 0.1
0 0.6390625 0.9703125 0.05625 0.0484375
0 0.76796875 0.96640625 0.0515625 0.06640625
0 0.81953125 0.93203125 0.04375 0.0875
0 0.88046875 0.9625 0.06640625 0.07421875
0 0.9625 0.9578125 0.0734375 0.084375
0 0.27421875 0.79296875 0.08125 0.1046875
0 0.215625 0.72109375 0.06328125 0.0859375
0 0.13359375 0.66640625 0.071875 0.1359375
0 0.19921875 0.63828125 0.05078125 0.084375
0 0.17578125 0.52265625 0.05 0.0984375
0 0.13828125 0.38515625 0.078125 0.11796875
0 0.2078125 0.4265625 0.0578125 0.08125
0 0.25078125 0.61015625 0.04609375 0.07421875
0 0.25078125 0.5109375 0.06640625 0.08515625
0 0.2609375 0.42734375 0.04453125 0.07890625
0 0.24375 0.34140625 0.05625 0.08125
0 0.18125 0.29453125 0.04765625 0.06171875
0 0.21875 0.22734375 0.0671875 0.0984375
0 0.225 0.1265625 0.02890625 0.046875
0 0.23671875 0.07421875 0.0359375 0.06171875
0 0.15859375 0.02890625 0.05 0.05390625
0 0.2046875 0.04140625 0.034375 0.05078125
0 0.28203125 0.04296875 0.059375 0.0859375
0 0.28984375 0.2984375 0.05234375 0.08046875
0 0.28671875 0.21796875 0.0625 0.07421875
0 0.31171875 0.12890625 0.06875 0.10625
0 0.3234375 0.42734375 0.071875 0.11875
0 0.3515625 0.31484375 0.06484375 0.10390625
0 0.40703125 0.35390625 0.04921875 0.0859375
0 0.3015625 0.55703125 0.05546875 0.096875
0 0.359375 0.5625 0.040625 0.06328125
0 0.37734375 0.4765625 0.04765625 0.096875
0 0.30546875 0.69296875 0.06328125 0.07890625
0 0.36171875 0.7921875 0.065625 0.103125
0 0.4296875 0.85859375 0.071875 0.10078125
0 0.5015625 0.8234375 0.05546875 0.075
0 0.64375 0.79921875 0.10625 0.1125
0 0.65625 0.8984375 0.0578125 0.08515625
0 0.721875 0.884375 0.065625 0.12265625
0 0.78203125 0.89375 0.0390625 0.05625
0 0.82421875 0.85234375 0.0703125 0.0875
0 0.8703125 0.89296875 0.04609375 0.08515625
0 0.91875 0.84609375 0.07265625 0.1359375
0 0.9609375 0.6703125 0.078125 0.1734375
0 0.74375 0.77109375 0.059375 0.0953125
0 0.81640625 0.75625 0.0421875 0.07578125
0 0.87265625 0.7609375 0.0734375 0.0859375
0 0.465625 0.76953125 0.0375 0.06796875
0 0.5453125 0.73515625 0.07890625 0.09375
0 0.41484375 0.68984375 0.0859375 0.121875
0 0.4796875 0.6421875 0.0578125 0.09296875
0 0.54375 0.63203125 0.05703125 0.10703125
0 0.61171875 0.67265625 0.059375 0.0890625
0 0.66640625 0.721875 0.05859375 0.09140625
0 0.71015625 0.64296875 0.07578125 0.11484375
0 0.7734375 0.68671875 0.05546875 0.09140625
0 0.83125 0.64921875 0.05390625 0.08671875
0 0.88359375 0.6296875 0.059375 0.121875
0 0.93828125 0.5078125 0.05546875 0.10859375
0 0.8875 0.43984375 0.0671875 0.10390625
0 0.965625 0.41484375 0.0640625 0.09375
0 0.95078125 0.29296875 0.09140625 0.14453125
0 0.74921875 0.37421875 0.0640625 0.10234375
0 0.821875 0.32734375 0.06328125 0.12890625
0 0.8796875 0.3140625 0.05546875 0.0921875
0 0.78671875 0.559375 0.06640625 0.121875
0 0.8046875 0.44453125 0.07109375 0.0921875
0 0.6328125 0.58203125 0.06171875 0.103125
0 0.68671875 0.56796875 0.0328125 0.0484375
0 0.60546875 0.47265625 0.090625 0.12109375
0 0.6671875 0.503125 0.0328125 0.04453125
0 0.72734375 0.49765625 0.07421875 0.12890625
0 0.675 0.4015625 0.0484375 0.07734375
0 0.340625 0.6296875 0.04609375 0.071875
0 0.421875 0.571875 0.059375 0.07734375
0 0.496875 0.56015625 0.03828125 0.0578125
0 0.521875 0.48046875 0.06328125 0.1140625
0 0.484375 0.3328125 0.08046875 0.1546875
0 0.5546875 0.3546875 0.03828125 0.06171875
0 0.61640625 0.32734375 0.071875 0.10859375
0 0.53359375 0.21171875 0.053125 0.08671875
0 0.59375 0.16484375 0.0890625 0.13359375
0 0.4421875 0.20703125 0.07890625 0.096875
0 0.43203125 0.08984375 0.05 0.0875
0 0.4828125 0.09375 0.05078125 0.08046875
0 0.3671875 0.1890625 0.06640625 0.1015625
0 0.37109375 0.05 0.0671875 0.1
0 0.56015625 0.0328125 0.0546875 0.065625
0 0.69140625 0.31953125 0.06171875 0.08203125
0 0.7484375 0.26328125 0.05546875 0.090625
0 0.68984375 0.2328125 0.06484375 0.08828125
0 0.6953125 0.15546875 0.0390625 0.06328125
0 0.665625 0.1109375 0.05625 0.08515625
0 0.6203125 0.03515625 0.071875 0.0703125
0 0.8671875 0.20625 0.0671875 0.115625
0 0.93046875 0.17890625 0.0734375 0.07421875
0 0.9734375 0.1140625 0.053125 0.0859375
0 0.89765625 0.0921875 0.096875 0.10234375
0 0.74609375 0.10703125 0.071875 0.10703125
0 0.7984375 0.2078125 0.06328125 0.09453125
0 0.8140625 0.096875 0.053125 0.08671875
0 0.7078125 0.0359375 0.05546875 0.06484375
0 0.44375 0.47265625 0.0828125 0.11328125