0 0.17109375 0.1046875 0.09296875 0.15
0 0.12890625 0.3171875 0.08828125 0.14140625
0 0.20390625 0.4546875 0.10078125 0.1578125
0 0.0828125 0.46484375 0.0578125 0.0984375
0 0.4125 0.29921875 0.10078125 0.1453125
0 0.3625 0.47578125 0.10234375 0.14765625
0 0.15078125 0.7 0.11015625 0.16328125
0 0.31015625 0.046875 0.1203125 0.09375
0 0.05390625 0.58203125 0.0578125 0.0921875
0 0.034375 0.68671875 0.065625 0.10234375
0 0.09296875 0.9046875 0.08671875 0.1359375
0 0.24375 0.6359375 0.071875 0.11015625
0 0.29375 0.78984375 0.0734375 0.121875
0 0.18828125 0.86015625 0.03515625 0.05703125
0 0.23671875 0.81796875 0.04609375 0.06875
0 0.2421875 0.94140625 0.075 0.1140625
0 0.39609375 0.94609375 0.0921875 0.1078125
0 0.40703125 0.8015625 0.096875 0.15
0 0.2671875 0.17734375 0.0828125 0.13359375
0 0.4640625 0.13671875 0.071875 0.1203125
0 0.5640625 0.24375 0.07890625 0.11796875
0 0.6125 0.08125 0.109375 0.1625
0 0.73203125 0.23203125 0.08671875 0.1296875
0 0.684375 0.48046875 0.11171875 0.21640625
0 0.6328125 0.69296875 0.1046875 0.16171875
0 0.56953125 0.81015625 0.07578125 0.11640625
0 0.54296875 0.93359375 0.0921875 0.1328125
0 0.4984375 0.5390625 0.090625 0.14140625
0 0.4640625 0.6484375 0.06171875 0.10859375
0 0.42421875 0.584375 0.04453125 0.0671875
0 0.31796875 0.334375 0.06328125 0.10234375
0 0.74296875 0.80234375 0.1046875 0.17109375
0 0.815625 0.41171875 0.0984375 0.165625
0 0.03125 0.13359375 0.0625 0.13671875
0 0.02890625 0.26328125 0.0578125 0.12265625
0 0.0828125 0.18203125 0.05 0.0796875
0 0.2921875 0.54453125 0.034375 0.05
0 0.58203125 0.53515625 0.0390625 0.0640625
0 0.625 0.878125 0.06015625 0.090625
0 0.83671875 0.075 0.1421875 0.146875
0 0.86484375 0.20390625 0.08828125 0.12734375
0 0.9375 0.39453125 0.0625 0.09765625
0 0.91328125 0.546875 0.071875 0.1078125
0 0.8359375 0.55078125 0.059375 0.09375
0 0.7625 0.57421875 0.06640625 0.103125
0 0.82109375 0.6984375 0.0859375 0.13828125
0 0.73671875 0.67109375 0.0671875 0.08671875
0 0.94296875 0.7984375 0.1109375 0.18984375
0 0.809375 0.95078125 0.0578125 0.09765625
0 0.6921875 0.95625 0.11015625 0.08671875
0 0.90234375 0.95078125 0.1078125 0.0984375
0 0.95234375 0.25078125 0.0578125 0.090625
0 0.97578125 0.61328125 0.0484375 0.16328125
0 0.490625 0.26796875 0.04453125 0.07421875
0 0.88203125 0.309375 0.0640625 0.090625
0 0.7203125 0.109375 0.04375 0.05859375
0 0.52109375 0.1765625 0.03984375 0.05859375
0 0.3140625 0.93671875 0.0390625 0.0546875
0 0.65859375 0.22890625 0.0296875 0.053125
0 0.50234375 0.07421875 0.03515625 0.053125
0 0.3359375 0.64140625 0.08125 0.12421875
0 0.06796875 0.36484375 0.03671875 0.05
0 0.02265625 0.34453125 0.028125 0.04453125
0 0.22890625 0.3296875 0.034375 0.05
0 0.540625 0.3828125 0.08125 0.12421875
0 0.075 0.02109375 0.071875 0.0421875
0 0.01953125 0.79140625 0.0390625 0.0796875
0 0.984375 0.15234375 0.03046875 0.13125