0 0.15546875 0.10234375 0.10625 0.15546875
0 0.24765625 0.1796875 0.10078125 0.14453125
0 0.034375 0.25625 0.06875 0.18359375
0 0.1109375 0.31953125 0.1015625 0.15
0 0.44609375 0.13359375 0.084375 0.12734375
0 0.29140625 0.04921875 0.1234375 0.09765625
0 0.5921875 0.08828125 0.121875 0.1765625
0 0.53203125 0.32109375 0.11875 0.18203125
0 0.39453125 0.2984375 0.1 0.153125
0 0.29765625 0.3359375 0.071875 0.11484375
0 0.7140625 0.23046875 0.0921875 0.14296875
0 0.184375 0.4578125 0.11640625 0.18671875
0 0.06875 0.465625 0.07109375 0.10625
0 0.809375 0.07421875 0.15234375 0.1484375
0 0.05859375 0.021875 0.08125 0.04296875
0 0.84921875 0.23125 0.1046875 0.1625
0 0.665625 0.478125 0.12421875 0.21328125
0 0.46484375 0.5609375 0.11875 0.1828125
0 0.34453125 0.4828125 0.10625 0.1625
0 0.2734375 0.421875 0.04609375 0.06875
0 0.1296875 0.70390625 0.11875 0.17890625
0 0.2265625 0.6375 0.08671875 0.125
0 0.02578125 0.69296875 0.046875 0.12890625
0 0.2875 0.78515625 0.0828125 0.13671875
0 0.590625 0.75703125 0.1546875 0.22421875
0 0.74921875 0.715625 0.1421875 0.265625
0 0.80078125 0.4109375 0.115625 0.171875
0 0.5828125 0.5515625 0.04921875 0.08203125
0 0.38984375 0.80859375 0.10390625 0.1609375
0 0.2265625 0.921875 0.09609375 0.14765625
0 0.37421875 0.94765625 0.1109375 0.1046875
0 0.2984375 0.9421875 0.04296875 0.06015625
0 0.4421875 0.95703125 0.0328125 0.05
0 0.6765625 0.95234375 0.11328125 0.09453125
0 0.78828125 0.94140625 0.06640625 0.09609375
0 0.890625 0.94765625 0.128125 0.1046875
0 0.93359375 0.80078125 0.13203125 0.2015625
0 0.965625 0.61640625 0.06875 0.18359375
0 0.89453125 0.55390625 0.08125 0.115625
0 0.915625 0.396875 0.06953125 0.1078125
0 0.9703125 0.16015625 0.059375 0.1546875
0 0.97734375 0.31015625 0.0453125 0.1421875
0 0.93203125 0.25390625 0.06640625 0.096875
0 0.53671875 0.45390625 0.03359375 0.05390625
0 0.65703125 0.2921875 0.0328125 0.0484375
0 0.6375 0.234375 0.0375 0.05859375
0 0.7265625 0.33984375 0.04140625 0.06484375
0 0.503125 0.17578125 0.03984375 0.059375
0 0.14375 0.2109375 0.03984375 0.06328125
0 0.096875 0.571875 0.02421875 0.03671875
0 0.10234375 0.53359375 0.02734375 0.03984375
0 0.24921875 0.57578125 0.01953125 0.03046875
0 0.40234375 0.6921875 0.02890625 0.04765625
0 0.08203125 0.43125 0.0125 0.034375
0 0.21640625 0.74453125 0.03046875 0.04140625
0 0.165625 0.8015625 0.03125 0.040625
0 0.0859375 0.9 0.11015625 0.16171875
0 0.4921875 0.69453125 0.03046875 0.04765625
0 0.31953125 0.64453125 0.090625 0.128125
0 0.4484375 0.44296875 0.03359375 0.0453125