0 0.31484375 0.2328125 0.1265625 0.23515625
0 0.19140625 0.24609375 0.096875 0.1375
0 0.103125 0.3734375 0.10546875 0.15
0 0.321875 0.4421875 0.103125 0.14765625
0 0.2125 0.3921875 0.08828125 0.1515625
0 0.16328125 0.6828125 0.13046875 0.1484375
0 0.12265625 0.53515625 0.09765625 0.1328125
0 0.2546875 0.54765625 0.09921875 0.14765625
0 0.340625 0.559375 0.0484375 0.06875
0 0.03203125 0.6578125 0.06328125 0.10234375
0 0.07578125 0.82109375 0.0828125 0.1296875
0 0.15859375 0.828125 0.078125 0.11640625
0 0.11015625 0.940625 0.09296875 0.11875
0 0.2171875 0.93125 0.0921875 0.1375
0 0.31796875 0.9359375 0.0953125 0.12734375
0 0.25859375 0.7953125 0.08359375 0.12109375
0 0.3421875 0.7921875 0.071875 0.1203125
0 0.4234375 0.68671875 0.1203125 0.1609375
0 0.48984375 0.82890625 0.13984375 0.2125
0 0.66015625 0.85390625 0.13203125 0.1796875
0 0.45703125 0.5109375 0.13515625 0.1765625
0 0.46875 0.3390625 0.0890625 0.15
0 0.3875 0.3578125 0.06171875 0.0984375
0 0.53359375 0.6171875 0.07421875 0.125
0 0.59453125 0.675 0.06328125 0.09765625
0 0.73046875 0.71015625 0.1484375 0.1953125
0 0.584375 0.325 0.09921875 0.1453125
0 0.43046875 0.1453125 0.10390625 0.17109375
0 0.26328125 0.0484375 0.0578125 0.0890625
0 0.12109375 0.1390625 0.09921875 0.1484375
0 0.04609375 0.22109375 0.06640625 0.1125
0 0.56015625 0.1765625 0.1234375 0.1546875
0 0.67265625 0.2046875 0.0796875 0.13359375
0 0.64609375 0.1046875 0.06171875 0.09375
0 0.72734375 0.11328125 0.07578125 0.1265625
0 0.37265625 0.03828125 0.096875 0.0765625
0 0.17734375 0.03203125 0.1 0.0640625
0 0.57734375 0.03828125 0.1078125 0.0765625
0 0.690625 0.03828125 0.075 0.0765625
0 0.84921875 0.1515625 0.14921875 0.19609375
0 0.696875 0.36015625 0.11796875 0.15
0 0.828125 0.33125 0.11796875 0.125
0 0.94375 0.34140625 0.09765625 0.1875
0 0.96328125 0.07734375 0.0734375 0.1546875
0 0.603125 0.50546875 0.11015625 0.16875
0 0.7515625 0.50859375 0.12890625 0.2046875
0 0.85078125 0.60234375 0.103125 0.18515625
0 0.02578125 0.1484375 0.03359375 0.05234375
0 0.03828125 0.08984375 0.0296875 0.0453125
0 0.52734375 0.4109375 0.03359375 0.0546875
0 0.20390625 0.13359375 0.0390625 0.0625
0 0.87109375 0.44375 0.07890625 0.1171875
0 0.9453125 0.6703125 0.109375 0.15859375
0 0.87265625 0.82890625 0.12578125 0.1953125
0 0.790625 0.94453125 0.128125 0.1109375
0 0.975 0.778125 0.05 0.11875
0 0.03828125 0.46328125 0.05234375 0.07890625
0 0.03515625 0.5578125 0.06171875 0.0875
0 0.01953125 0.7734375 0.0390625 0.11640625
0 0.43984375 0.97265625 0.1109375 0.0546875
0 0.61875 0.96875 0.12890625 0.0625
0 0.5015625 0.071875 0.02109375 0.04375
0 0.03984375 0.97734375 0.07890625 0.0453125
0 0.97109375 0.22265625 0.0578125 0.14765625
0 0.06796875 0.71484375 0.0328125 0.05
0 0.36796875 0.6078125 0.02421875 0.0453125
0 0.29609375 0.6703125 0.0875 0.1265625
0 0.9484375 0.52109375 0.103125 0.12734375