0 0.0296875 0.025 0.04609375 0.05
0 0.02109375 0.078125 0.0421875 0.06484375
0 0.06640625 0.08046875 0.04296875 0.0734375
0 0.115625 0.0640625 0.03515625 0.05234375
0 0.04375 0.18125 0.04609375 0.0703125
0 0.1109375 0.1265625 0.0375 0.059375
0 0.1578125 0.10859375 0.03984375 0.065625
0 0.08359375 0.24921875 0.046875 0.06953125
0 0.0375 0.24921875 0.03359375 0.0484375
0 0.06328125 0.32578125 0.04375 0.07109375
0 0.02109375 0.3109375 0.0421875 0.0703125
0 0.12578125 0.3046875 0.0453125 0.06484375
0 0.14375 0.24453125 0.03515625 0.059375
0 0.03515625 0.4234375 0.0453125 0.08828125
0 0.1046875 0.38828125 0.05 0.07109375
0 0.14609375 0.42578125 0.040625 0.05625
0 0.1578125 0.35859375 0.04375 0.06484375
0 0.07890625 0.45234375 0.03515625 0.053125
0 0.05546875 0.4984375 0.034375 0.0484375
0 0.02734375 0.56484375 0.0484375 0.07890625
0 0.084375 0.5640625 0.046875 0.0734375
0 0.1921875 0.40078125 0.0421875 0.0734375
0 0.12109375 0.50703125 0.04296875 0.075
0 0.2421875 0.43359375 0.04765625 0.071875
0 0.203125 0.45546875 0.0265625 0.03984375
0 0.2078125 0.51484375 0.04296875 0.06640625
0 0.2765625 0.515625 0.06484375 0.08984375
0 0.15546875 0.5671875 0.03125 0.0484375
0 0.1203125 0.578125 0.02578125 0.03671875
0 0.10859375 0.63203125 0.03359375 0.05
0 0.0609375 0.6546875 0.04609375 0.08046875
0 0.02421875 0.68984375 0.028125 0.05
0 0.15703125 0.67421875 0.04765625 0.06796875
0 0.3296875 0.5625 0.0546875 0.08125
0 0.18359375 0.60546875 0.03515625 0.059375
0 0.1421875 0.6203125 0.03125 0.04453125
0 0.24140625 0.62265625 0.03984375 0.05703125
0 0.10234375 0.6796875 0.03046875 0.046875
0 0.11875 0.7421875 0.0484375 0.075
0 0.04765625 0.7703125 0.06171875 0.1078125
0 0.0609375 0.8921875 0.05546875 0.0765625
0 0.12578125 0.86640625 0.04140625 0.0609375
0 0.09296875 0.83125 0.0359375 0.05859375
0 0.14609375 0.81640625 0.04296875 0.059375
0 0.19140625 0.80625 0.046875 0.075
0 0.1671875 0.9015625 0.04296875 0.06484375
0 0.1203125 0.934375 0.040625 0.0625
0 0.07734375 0.9703125 0.04765625 0.05859375
0 0.02578125 0.96640625 0.03828125 0.065625
0 0.01484375 0.8625 0.0296875 0.05625
0 0.2140625 0.875 0.0328125 0.0515625
0 0.18828125 0.96484375 0.0546875 0.0703125
0 0.25703125 0.9625 0.03203125 0.0453125
0 0.22890625 0.93359375 0.0375 0.0546875
0 0.3625 0.971875 0.034375 0.05390625
0 0.32578125 0.925 0.04609375 0.07578125
0 0.28359375 0.90390625 0.034375 0.0609375
0 0.25390625 0.8765625 0.03828125 0.0546875
0 0.23125 0.82578125 0.0328125 0.046875
0 0.2703125 0.80859375 0.0328125 0.05859375
0 0.3875 0.79140625 0.05859375 0.09921875
0 0.3796875 0.90859375 0.05078125 0.06484375
0 0.28984375 0.97734375 0.03515625 0.04453125
0 0.303125 0.8109375 0.03359375 0.053125
0 0.2578125 0.721875 0.05234375 0.0890625
0 0.2140625 0.73125 0.0328125 0.05234375
0 0.171875 0.73046875 0.03828125 0.05859375
0 0.2140625 0.6703125 0.034375 0.05234375
0 0.30390625 0.75390625 0.05 0.065625
0 0.309375 0.69765625 0.03125 0.046875
0 0.4171875 0.87578125 0.03125 0.0515625
0 0.35859375 0.8625 0.02578125 0.03671875
0 0.334375 0.840625 0.028125 0.0328125
0 0.440625 0.921875 0.02421875 0.03828125
0 0.45234375 0.88125 0.03046875 0.0515625
0 0.39609375 0.97578125 0.0296875 0.0484375
0 0.43828125 0.9734375 0.0453125 0.053125
0 0.4953125 0.96484375 0.0546875 0.0703125
0 0.49140625 0.88671875 0.04140625 0.0671875
0 0.43828125 0.82421875 0.03203125 0.05390625
0 0.534375 0.89375 0.03359375 0.0609375
0 0.559375 0.94453125 0.04140625 0.0609375
0 0.62890625 0.91640625 0.04453125 0.078125
0 0.58671875 0.86953125 0.04921875 0.0828125
0 0.67265625 0.9734375 0.05078125 0.053125
0 0.6875 0.83203125 0.0390625 0.05859375
0 0.640625 0.821875 0.0484375 0.0703125
0 0.5296875 0.825 0.0578125 0.071875
0 0.4703125 0.825 0.03125 0.05234375
0 0.48515625 0.71484375 0.0484375 0.065625
0 0.43203125 0.7203125 0.04453125 0.04921875
0 0.35859375 0.696875 0.03984375 0.0578125
0 0.31875 0.6515625 0.0328125 0.046875
0 0.33515625 0.7265625 0.0265625 0.04453125
0 0.28046875 0.63203125 0.034375 0.05
0 0.37109375 0.63203125 0.04453125 0.07421875
0 0.428125 0.61796875 0.040625 0.05625
0 0.50859375 0.646875 0.0625 0.0890625
0 0.41171875 0.67734375 0.04609375 0.06640625
0 0.2859375 0.58359375 0.028125 0.04765625
0 0.21640625 0.56953125 0.021875 0.03515625
0 0.1796875 0.5453125 0.021875 0.0359375
0 0.43046875 0.55546875 0.03046875 0.05234375
0 0.38984375 0.5609375 0.03828125 0.05859375
0 0.525 0.559375 0.034375 0.05390625
0 0.4734375 0.58203125 0.04140625 0.06171875
0 0.565625 0.60390625 0.04375 0.0546875
0 0.5546875 0.73828125 0.0546875 0.09609375
0 0.45546875 0.7609375 0.03828125 0.059375
0 0.4984375 0.77578125 0.03515625 0.05
0 0.6046875 0.75 0.0421875 0.05390625
0 0.45078125 0.653125 0.03515625 0.05
0 0.58125 0.65703125 0.0421875 0.05703125
0 0.63046875 0.665625 0.0375 0.06484375
0 0.6484375 0.565625 0.03125 0.0515625
0 0.60703125 0.61875 0.03203125 0.04765625
0 0.6609375 0.6171875 0.03984375 0.05625
0 0.6640625 0.66484375 0.02890625 0.04765625
0 0.70703125 0.6390625 0.0453125 0.06796875
0 0.64765625 0.7578125 0.03515625 0.05
0 0.7234375 0.79765625 0.04375 0.07109375
0 0.6828125 0.7765625 0.02890625 0.04921875
0 0.65234375 0.71171875 0.02421875 0.040625
0 0.59609375 0.70234375 0.03671875 0.0390625
0 0.740625 0.68359375 0.03828125 0.05625
0 0.69609375 0.7171875 0.059375 0.071875
0 0.7390625 0.90703125 0.0453125 0.09765625
0 0.68359375 0.903125 0.05 0.0703125
0 0.3375 0.79921875 0.0234375 0.040625
0 0.6328125 0.97890625 0.02734375 0.0421875
0 0.78203125 0.85625 0.03984375 0.06171875
0 0.775 0.9109375 0.0296875 0.040625
0 0.7953125 0.94921875 0.04453125 0.0546875
0 0.76796875 0.79140625 0.0390625 0.065625
0 0.74453125 0.98046875 0.04609375 0.0390625
0 0.7140625 0.9734375 0.02109375 0.0328125
0 0.84765625 0.9359375 0.046875 0.0875
0 0.82578125 0.83984375 0.03359375 0.05390625
0 0.81171875 0.8921875 0.0375 0.05546875
0 0.91875 0.83515625 0.046875 0.0734375
0 0.79453125 0.75859375 0.03515625 0.053125
0 0.80078125 0.8046875 0.03046875 0.04140625
0 0.75078125 0.73828125 0.04375 0.04765625
0 0.78125 0.69453125 0.03671875 0.0546875
0 0.75703125 0.62890625 0.04921875 0.0796875
0 0.8203125 0.66875 0.0359375 0.05078125
0 0.86484375 0.65390625 0.0546875 0.0828125
0 0.85625 0.72265625 0.03203125 0.053125
0 0.81796875 0.59453125 0.065625 0.0765625
0 0.72109375 0.56953125 0.03046875 0.05
0 0.6859375 0.5609375 0.0328125 0.05
0 0.6140625 0.5171875 0.0546875 0.0984375
0 0.5578125 0.5109375 0.04765625 0.07578125
0 0.49453125 0.52265625 0.0453125 0.059375
0 0.4515625 0.471875 0.040625 0.0828125
0 0.39921875 0.490625 0.04921875 0.07421875
0 0.3484375 0.4859375 0.03515625 0.0546875
0 0.3375 0.3953125 0.04296875 0.06328125
0 0.41796875 0.384375 0.03828125 0.0578125
0 0.29140625 0.4265625 0.0375 0.0578125
0 0.45625 0.3984375 0.0265625 0.040625
0 0.49609375 0.459375 0.03515625 0.0546875
0 0.41953125 0.4390625 0.025 0.040625
0 0.37421875 0.42109375 0.03984375 0.05859375
0 0.3296875 0.45078125 0.03359375 0.04765625
0 0.546875 0.4359375 0.05546875 0.06640625
0 0.61015625 0.42734375 0.03984375 0.05
0 0.66875 0.465625 0.0515625 0.08359375
0 0.8375 0.77421875 0.04375 0.06875
0 0.8640625 0.846875 0.05 0.08359375
0 0.9 0.9015625 0.04375 0.0578125
0 0.95 0.9078125 0.04609375 0.06875
0 0.89140625 0.7609375 0.04765625 0.08828125
0 0.92890625 0.76953125 0.0390625 0.0578125
0 0.91953125 0.67734375 0.03671875 0.0609375
0 0.96015625 0.85078125 0.03984375 0.05703125
0 0.9109375 0.959375 0.06953125 0.0609375
0 0.8203125 0.9796875 0.025 0.0375
0 0.978125 0.95625 0.04296875 0.0875
0 0.9859375 0.878125 0.02734375 0.0609375
0 0.9609375 0.79609375 0.04375 0.05859375
0 0.9671875 0.678125 0.05390625 0.0578125
0 0.97578125 0.72421875 0.04765625 0.0875
0 0.9140625 0.61484375 0.0484375 0.0734375
0 0.88359375 0.5796875 0.03515625 0.053125
0 0.9453125 0.578125 0.03203125 0.0546875
0 0.7375 0.5296875 0.03671875 0.04765625
0 0.70234375 0.5109375 0.02734375 0.04375
0 0.7421875 0.47890625 0.03671875 0.05
0 0.825 0.51875 0.04765625 0.0609375
0 0.77734375 0.50546875 0.04609375 0.06484375
0 0.85703125 0.49140625 0.02890625 0.04453125
0 0.91484375 0.53203125 0.03828125 0.06640625
0 0.8765625 0.528125 0.03359375 0.05234375
0 0.9703125 0.5078125 0.059375 0.10546875
0 0.778125 0.45 0.03046875 0.04140625
0 0.7546875 0.43828125 0.025 0.0328125
0 0.71640625 0.45546875 0.03125 0.04375
0 0.696875 0.4328125 0.0203125 0.03359375
0 0.7859375 0.34921875 0.05078125 0.0609375
0 0.71796875 0.3984375 0.04765625 0.06484375
0 0.84140625 0.36640625 0.04453125 0.059375
0 0.815625 0.44140625 0.0484375 0.08515625
0 0.8578125 0.43515625 0.0421875 0.06328125
0 0.903125 0.4125 0.03046875 0.06015625
0 0.88046875 0.37890625 0.02890625 0.04609375
0 0.921875 0.3578125 0.0375 0.05234375
0 0.86328125 0.290625 0.04453125 0.06484375
0 0.8296875 0.31875 0.0421875 0.05
0 0.9859375 0.34375 0.0265625 0.05
0 0.95546875 0.365625 0.03359375 0.04921875
0 0.93984375 0.425 0.034375 0.0765625
0 0.91484375 0.3078125 0.05 0.0625
0 0.96640625 0.26484375 0.04609375 0.0859375
0 0.8921875 0.23671875 0.0390625 0.0703125
0 0.8578125 0.2328125 0.03046875 0.05
0 0.93359375 0.48203125 0.02734375 0.0359375
0 0.89140625 0.471875 0.03203125 0.0578125
0 0.77578125 0.40546875 0.040625 0.05390625
0 0.72734375 0.3328125 0.04765625 0.0703125
0 0.69609375 0.321875 0.01796875 0.0265625
0 0.66015625 0.36875 0.03828125 0.06484375
0 0.6203125 0.37734375 0.0359375 0.05703125
0 0.5859375 0.35625 0.03203125 0.06484375
0 0.5578125 0.37890625 0.02109375 0.03046875
0 0.5078125 0.384375 0.0609375 0.08046875
0 0.50546875 0.2984375 0.065625 0.0875
0 0.4484375 0.33984375 0.03828125 0.059375
0 0.4140625 0.303125 0.0359375 0.05625
0 0.45234375 0.25390625 0.0375 0.0453125
0 0.39921875 0.2109375 0.059375 0.09453125
0 0.34453125 0.2234375 0.03203125 0.046875
0 0.3359375 0.2828125 0.028125 0.05234375
0 0.303125 0.29765625 0.03125 0.04765625
0 0.30078125 0.3578125 0.0328125 0.05390625
0 0.32734375 0.33203125 0.02421875 0.03359375
0 0.31015625 0.23828125 0.02890625 0.04453125
0 0.3984375 0.13203125 0.02890625 0.0421875
0 0.475 0.1203125 0.02734375 0.040625
0 0.5 0.19296875 0.059375 0.0796875
0 0.45 0.2078125 0.03515625 0.04609375
0 0.41640625 0.09375 0.0265625 0.04296875
0 0.2984375 0.19609375 0.02890625 0.04921875
0 0.3546875 0.16015625 0.0359375 0.06328125
0 0.30390625 0.12734375 0.03828125 0.059375
0 0.5140625 0.10078125 0.0453125 0.07578125
0 0.46171875 0.07421875 0.03828125 0.0609375
0 0.40703125 0.0359375 0.0484375 0.06484375
0 0.35546875 0.09140625 0.034375 0.05390625
0 0.38828125 0.08828125 0.0234375 0.0390625
0 0.4921875 0.021875 0.040625 0.04296875
0 0.5390625 0.028125 0.04375 0.05390625
0 0.59765625 0.03671875 0.04140625 0.06640625
0 0.5765625 0.09765625 0.05390625 0.06484375
0 0.553125 0.17421875 0.034375 0.04375
0 0.59921875 0.1578125 0.03515625 0.05390625
0 0.62421875 0.12578125 0.0296875 0.05546875
0 0.65234375 0.13359375 0.028125 0.04375
0 0.63046875 0.06328125 0.03828125 0.05078125
0 0.10390625 0.18984375 0.0453125 0.05625
0 0.0265625 0.1328125 0.01640625 0.02578125
0 0.171875 0.04765625 0.02890625 0.046875
0 0.1359375 0.02421875 0.03359375 0.0484375
0 0.20078125 0.0234375 0.04375 0.046875
0 0.2359375 0.04375 0.02890625 0.03984375
0 0.178125 0.1671875 0.03515625 0.05
0 0.14765625 0.1796875 0.0296875 0.04921875
0 0.21953125 0.1984375 0.03046875 0.04453125
0 0.18203125 0.253125 0.034375 0.05390625
0 0.16640625 0.21015625 0.021875 0.03203125
0 0.18671875 0.209375 0.0203125 0.03203125
0 0.22265625 0.24140625 0.03359375 0.0453125
0 0.27421875 0.234375 0.0328125 0.05390625
0 0.2484375 0.21875 0.021875 0.03203125
0 0.26171875 0.17734375 0.03515625 0.0484375
0 0.259375 0.12265625 0.0234375 0.03671875
0 0.26484375 0.07265625 0.0359375 0.05234375
0 0.31015625 0.04609375 0.05078125 0.08515625
0 0.27109375 0.0171875 0.03671875 0.034375
0 0.1640625 0.0109375 0.01953125 0.02109375
0 0.36171875 0.028125 0.0328125 0.05390625
0 0.209375 0.1171875 0.04921875 0.075
0 0.21484375 0.296875 0.04296875 0.0609375
0 0.2484375 0.2828125 0.0265625 0.040625
0 0.2734375 0.28046875 0.01640625 0.028125
0 0.259375 0.33203125 0.0484375 0.0640625
0 0.22109375 0.34609375 0.01953125 0.0328125
0 0.2296875 0.3828125 0.02578125 0.0421875
0 0.1609375 0.4953125 0.03671875 0.05546875
0 0.10859375 0.4484375 0.0203125 0.03046875
0 0.0125 0.64609375 0.025 0.08125
0 0.20859375 0.6296875 0.01796875 0.0265625
0 0.31953125 0.1625 0.01640625 0.03203125
0 0.56796875 0.22890625 0.0546875 0.0734375
0 0.56171875 0.29765625 0.0296875 0.0484375
0 0.6 0.28125 0.03984375 0.059375
0 0.63203125 0.20859375 0.0546875 0.071875
0 0.66640625 0.08828125 0.0296875 0.04453125
0 0.68046875 0.1859375 0.03671875 0.053125
0 0.68046875 0.12734375 0.0265625 0.04140625
0 0.73203125 0.2234375 0.0453125 0.0671875
0 0.696875 0.2390625 0.0328125 0.0515625
0 0.665625 0.24765625 0.02578125 0.0390625
0 0.63984375 0.2859375 0.028125 0.04453125
0 0.6765625 0.29296875 0.03515625 0.0609375
0 0.64609375 0.32734375 0.0234375 0.0375
0 0.6203125 0.32734375 0.0265625 0.04453125
0 0.74609375 0.278125 0.03046875 0.04296875
0 0.7296875 0.15703125 0.040625 0.05546875
0 0.70078125 0.1390625 0.0171875 0.03125
0 0.70546875 0.09140625 0.034375 0.05546875
0 0.684375 0.04453125 0.03125 0.04609375
0 0.65234375 0.03359375 0.0203125 0.03046875
0 0.63359375 0.01328125 0.03125 0.0265625
0 0.72890625 0.05078125 0.04296875 0.06171875
0 0.7484375 0.1046875 0.034375 0.05
0 0.77265625 0.19375 0.03671875 0.0578125
0 0.8109375 0.209375 0.03203125 0.06171875
0 0.84140625 0.18359375 0.034375 0.0578125
0 0.79375 0.08203125 0.040625 0.06328125
0 0.778125 0.13828125 0.04453125 0.05078125
0 0.8421875 0.10234375 0.04765625 0.07578125
0 0.896875 0.09765625 0.05234375 0.08671875
0 0.784375 0.02890625 0.0234375 0.04140625
0 0.8109375 0.021875 0.02890625 0.04296875
0 0.846875 0.03359375 0.03984375 0.0578125
0 0.88359375 0.025 0.02734375 0.04453125
0 0.9421875 0.065625 0.0453125 0.06484375
0 0.97734375 0.0546875 0.02109375 0.0359375
0 0.91328125 0.01796875 0.04296875 0.0359375
0 0.94609375 0.17734375 0.04296875 0.06484375
0 0.90234375 0.16953125 0.03984375 0.05234375
0 0.8671875 0.15234375 0.021875 0.0359375
0 0.86875 0.1890625 0.02734375 0.04140625
0 0.921875 0.215625 0.02890625 0.05234375
0 0.9328125 0.25625 0.021875 0.03828125
0 0.984375 0.1703125 0.0265625 0.05859375
0 0.96328125 0.1234375 0.025 0.05
0 0.9375 0.11875 0.02890625 0.040625
0 0.78828125 0.290625 0.0390625 0.05
0 0.778125 0.2453125 0.040625 0.04375
0 0.8203125 0.2671875 0.0234375 0.04140625
0 0.36953125 0.31328125 0.05078125 0.09140625
0 0.75625 0.57109375 0.0296875 0.04609375