0 0.05546875 0.13046875 0.07890625 0.11953125
0 0.1625 0.071875 0.04609375 0.071875
0 0.21875 0.12421875 0.06953125 0.10078125
0 0.19609375 0.28359375 0.06328125 0.09765625
0 0.06015625 0.2625 0.06328125 0.0953125
0 0.14296875 0.33046875 0.0625 0.08828125
0 0.29921875 0.271875 0.0453125 0.06171875
0 0.121875 0.1828125 0.04296875 0.06640625
0 0.3109375 0.18828125 0.0546875 0.08828125
0 0.30625 0.11875 0.034375 0.053125
0 0.01953125 0.39296875 0.0328125 0.08515625
0 0.26953125 0.41328125 0.0796875 0.12109375
0 0.21875 0.50234375 0.0640625 0.096875
0 0.0359375 0.47578125 0.04765625 0.08046875
0 0.34609375 0.3234375 0.0453125 0.0703125
0 0.1109375 0.01875 0.04765625 0.03515625
0 0.19140625 0.02421875 0.04296875 0.04765625
0 0.26484375 0.03984375 0.01875 0.03046875
0 0.3515625 0.0453125 0.040625 0.06015625
0 0.08125 0.39296875 0.0265625 0.03671875
0 0.14140625 0.42578125 0.0421875 0.0609375
0 0.18125 0.396875 0.03359375 0.05078125
0 0.34453125 0.109375 0.03515625 0.059375
0 0.1 0.43515625 0.034375 0.0515625
0 0.11875 0.48125 0.03828125 0.06171875
0 0.0921875 0.57421875 0.0421875 0.06875
0 0.1328125 0.546875 0.02421875 0.034375
0 0.134375 0.653125 0.04140625 0.06171875
0 0.01953125 0.575 0.0359375 0.1078125
0 0.084375 0.64921875 0.04375 0.065625
0 0.196875 0.65859375 0.065625 0.0953125
0 0.2453125 0.60625 0.028125 0.04765625
0 0.0640625 0.71484375 0.046875 0.07109375
0 0.05390625 0.78984375 0.04296875 0.0625
0 0.10625 0.77421875 0.0453125 0.065625
0 0.1671875 0.74765625 0.04609375 0.07109375
0 0.0234375 0.85859375 0.04375 0.07109375
0 0.0671875 0.87109375 0.03046875 0.046875
0 0.15078125 0.8109375 0.0453125 0.065625
0 0.21875 0.7859375 0.04765625 0.07265625
0 0.27421875 0.74765625 0.03203125 0.05390625
0 0.28046875 0.671875 0.05 0.0765625
0 0.2984375 0.590625 0.05625 0.078125
0 0.33046875 0.54609375 0.028125 0.04140625
0 0.384375 0.5328125 0.0578125 0.0859375
0 0.2796875 0.81875 0.0359375 0.05625
0 0.23125 0.8609375 0.03203125 0.0484375
0 0.16484375 0.8953125 0.06640625 0.08984375
0 0.1046875 0.9453125 0.04609375 0.06953125
0 0.03984375 0.9265625 0.03359375 0.05
0 0.2328125 0.978125 0.02421875 0.0390625
0 0.28046875 0.96328125 0.05625 0.0734375
0 0.171875 0.9734375 0.03984375 0.05234375
0 0.071875 0.925 0.01953125 0.03125
0 0.09375 0.85078125 0.0296875 0.04453125
0 0.059375 0.9796875 0.0359375 0.040625
0 0.01875 0.97890625 0.0359375 0.0421875
0 0.2484375 0.91015625 0.0359375 0.05390625
0 0.28984375 0.8875 0.040625 0.06171875
0 0.34296875 0.80390625 0.06171875 0.09765625
0 0.31953125 0.92421875 0.0359375 0.0546875
0 0.3328125 0.7125 0.03828125 0.04921875
0 0.21328125 0.5953125 0.01953125 0.03125
0 0.29453125 0.0671875 0.0140625 0.021875
0 0.21796875 0.0484375 0.01875 0.03046875
0 0.159375 0.475 0.02265625 0.03359375
0 0.06875 0.52578125 0.0171875 0.02578125
0 0.12578125 0.58125 0.0140625 0.021875
0 0.02421875 0.70703125 0.01640625 0.02578125
0 0.31171875 0.02265625 0.0453125 0.0453125
0 0.390625 0.10546875 0.03984375 0.06171875
0 0.4359375 0.08828125 0.03828125 0.059375
0 0.4796875 0.0453125 0.0390625 0.0640625
0 0.5046875 0.13828125 0.0625 0.1
0 0.36796875 0.22265625 0.05 0.07578125
0 0.41953125 0.1796875 0.0296875 0.04609375
0 0.45390625 0.22890625 0.05234375 0.07421875
0 0.44765625 0.15390625 0.028125 0.04296875
0 0.42109375 0.14296875 0.01953125 0.0265625
0 0.43671875 0.3359375 0.0578125 0.09375
0 0.37734375 0.3015625 0.02265625 0.034375
0 0.38984375 0.35546875 0.0375 0.05859375
0 0.3859375 0.42734375 0.04296875 0.065625
0 0.47734375 0.41015625 0.0515625 0.0734375
0 0.43359375 0.46484375 0.04765625 0.071875
0 0.371875 0.62421875 0.0640625 0.08203125
0 0.3734375 0.7109375 0.03984375 0.0640625
0 0.4390625 0.64375 0.03203125 0.0515625
0 0.43125 0.75625 0.05390625 0.08828125
0 0.50625 0.6546875 0.0515625 0.0796875
0 0.48515625 0.51171875 0.03671875 0.0546875
0 0.4625 0.58828125 0.03515625 0.05859375
0 0.52265625 0.49609375 0.03828125 0.06171875
0 0.4984375 0.56171875 0.034375 0.05546875
0 0.409375 0.67890625 0.0328125 0.05703125
0 0.42734375 0.5859375 0.02734375 0.04140625
0 0.471875 0.8375 0.05 0.0796875
0 0.40625 0.8625 0.0453125 0.065625
0 0.4484375 0.94609375 0.059375 0.08984375
0 0.39140625 0.9203125 0.0359375 0.0515625
0 0.35390625 0.9265625 0.0203125 0.03359375
0 0.38125 0.98203125 0.0546875 0.034375
0 0.4328125 0.025 0.06015625 0.05
0 0.23359375 0.01484375 0.03984375 0.02578125
0 0.41015625 0.2625 0.01796875 0.03125
0 0.53046875 0.2671875 0.040625 0.05859375
0 0.48203125 0.290625 0.0375 0.05390625
0 0.5109375 0.3296875 0.03671875 0.0484375
0 0.5015625 0.22734375 0.0296875 0.04296875
0 0.60546875 0.2375 0.0640625 0.1015625
0 0.5828125 0.37265625 0.071875 0.11484375
0 0.56875 0.4984375 0.04140625 0.06953125
0 0.53515625 0.071875 0.0234375 0.03828125
0 0.59765625 0.01640625 0.0390625 0.0328125
0 0.5375 0.0140625 0.05 0.028125
0 0.615625 0.103125 0.06640625 0.0984375
0 0.6734375 0.115625 0.04921875 0.071875
0 0.65625 0.18984375 0.04765625 0.07421875
0 0.66796875 0.38828125 0.03359375 0.0515625
0 0.56015625 0.19765625 0.02265625 0.03046875
0 0.7125 0.5421875 0.078125 0.1296875
0 0.7046875 0.41875 0.046875 0.08046875
0 0.6203125 0.528125 0.03125 0.04765625
0 0.5484375 0.571875 0.059375 0.08828125
0 0.6421875 0.71328125 0.05859375 0.10078125
0 0.625 0.6015625 0.03359375 0.05390625
0 0.6515625 0.45703125 0.02890625 0.04140625
0 0.7546875 0.19453125 0.05546875 0.08671875
0 0.73125 0.30625 0.05234375 0.08125
0 0.7671875 0.38125 0.05625 0.08046875
0 0.75546875 0.465625 0.04765625 0.078125
0 0.7140625 0.68203125 0.05859375 0.08203125
0 0.665625 0.63125 0.03671875 0.053125
0 0.55 0.709375 0.03125 0.0484375
0 0.59140625 0.69296875 0.03046875 0.04921875
0 0.60625 0.815625 0.06171875 0.09375
0 0.5125 0.765625 0.0515625 0.06953125
0 0.55078125 0.8234375 0.02890625 0.04921875
0 0.58125 0.93515625 0.08203125 0.12265625
0 0.665625 0.8796875 0.04921875 0.07265625
0 0.75078125 0.8546875 0.05625 0.0890625
0 0.6828125 0.77890625 0.04921875 0.0875
0 0.7671875 0.75546875 0.0515625 0.08515625
0 0.8015625 0.5765625 0.05 0.0890625
0 0.66015625 0.58203125 0.0265625 0.0453125
0 0.5859375 0.61015625 0.01640625 0.02734375
0 0.55625 0.64765625 0.0171875 0.02578125
0 0.81875 0.803125 0.04375 0.0859375
0 0.73359375 0.9578125 0.0890625 0.084375
0 0.85078125 0.946875 0.04765625 0.08046875
0 0.8 0.88203125 0.0484375 0.0765625
0 0.88203125 0.88203125 0.04375 0.06875
0 0.96484375 0.83203125 0.0703125 0.128125
0 0.93203125 0.94140625 0.05234375 0.07421875
0 0.87734375 0.809375 0.03828125 0.05625
0 0.90703125 0.72578125 0.04609375 0.06875
0 0.84296875 0.71328125 0.0546875 0.08046875
0 0.85625 0.63515625 0.0484375 0.06875
0 0.87578125 0.55390625 0.04375 0.0765625
0 0.82890625 0.453125 0.06015625 0.10546875
0 0.9 0.41328125 0.05625 0.08515625
0 0.88515625 0.484375 0.0421875 0.05625
0 0.95234375 0.5 0.0453125 0.06875
0 0.93828125 0.57890625 0.04609375 0.06953125
0 0.9421875 0.66015625 0.0390625 0.06015625
0 0.90703125 0.64140625 0.028125 0.04375
0 0.8359375 0.53046875 0.028125 0.04140625
0 0.8984375 0.97734375 0.03125 0.04375
0 0.97734375 0.9578125 0.0453125 0.084375
0 0.9796875 0.72109375 0.03671875 0.06640625
0 0.97578125 0.4015625 0.04765625 0.0765625
0 0.9875 0.465625 0.021875 0.03828125
0 0.97578125 0.66875 0.0265625 0.03828125
0 0.97109375 0.56640625 0.0171875 0.02890625
0 0.846875 0.3546875 0.0484375 0.06953125
0 0.7875 0.28359375 0.03984375 0.06796875
0 0.85703125 0.28671875 0.0421875 0.0640625
0 0.91484375 0.31015625 0.04609375 0.06796875
0 0.97734375 0.2328125 0.0453125 0.078125
0 0.975 0.3203125 0.0296875 0.0453125
0 0.8671875 0.19609375 0.05078125 0.07890625
0 0.92578125 0.21171875 0.0515625 0.09375
0 0.8078125 0.20625 0.03984375 0.0640625
0 0.81640625 0.090625 0.08125 0.14453125
0 0.88046875 0.11328125 0.05390625 0.0765625
0 0.9484375 0.14375 0.03046875 0.04375
0 0.91640625 0.05078125 0.08203125 0.1
0 0.984375 0.0765625 0.03046875 0.0515625
0 0.74765625 0.046875 0.028125 0.04140625
0 0.7140625 0.0609375 0.0203125 0.0328125
0 0.68046875 0.053125 0.0453125 0.06015625
0 0.72734375 0.13125 0.025 0.0359375
0 0.70234375 0.23203125 0.02890625 0.0421875
0 0.69609375 0.275 0.01953125 0.02890625
0 0.73046875 0.7984375 0.02421875 0.0375
0 0.1671875 0.15546875 0.02265625 0.034375
0 0.78359375 0.66640625 0.0515625 0.08359375
0 0.946875 0.28203125 0.02578125 0.04140625
0 0.94375 0.35546875 0.01875 0.02890625
0 0.94921875 0.45703125 0.0203125 0.0265625
0 0.01953125 0.8 0.0234375 0.03984375
0 0.0109375 0.68203125 0.0125 0.025
0 0.18046875 0.44765625 0.01875 0.0296875
0 0.071875 0.4609375 0.01484375 0.02421875
0 0.06875 0.49453125 0.0140625 0.0234375
0 0.06953125 0.35078125 0.0140625 0.0203125
0 0.1484375 0.1359375 0.0171875 0.025
0 0.66171875 0.0109375 0.028125 0.021875
0 0.70078125 0.0109375 0.03984375 0.01953125