0 0.12265625 0.1359375 0.1 0.153125
0 0.31484375 0.22890625 0.128125 0.23046875
0 0.04609375 0.2203125 0.06953125 0.10859375
0 0.103125 0.37578125 0.10546875 0.1421875
0 0.12265625 0.53359375 0.096875 0.1328125
0 0.0359375 0.5578125 0.0625 0.0890625
0 0.1609375 0.68515625 0.13359375 0.1515625
0 0.2140625 0.3921875 0.090625 0.1515625
0 0.03125 0.6578125 0.0625 0.10625
0 0.07421875 0.8203125 0.08125 0.12734375
0 0.15859375 0.828125 0.08046875 0.1125
0 0.215625 0.93125 0.09375 0.1375
0 0.11171875 0.940625 0.090625 0.11875
0 0.25859375 0.79453125 0.08046875 0.11875
0 0.190625 0.2484375 0.09375 0.134375
0 0.321875 0.44296875 0.10078125 0.13828125
0 0.34140625 0.79453125 0.078125 0.11875
0 0.48828125 0.8296875 0.14296875 0.20859375
0 0.31796875 0.93515625 0.09375 0.1296875
0 0.46640625 0.33828125 0.0953125 0.159375
0 0.43046875 0.15 0.10859375 0.184375
0 0.4578125 0.51484375 0.13203125 0.190625
0 0.4234375 0.68671875 0.121875 0.15546875
0 0.38828125 0.36171875 0.06171875 0.1015625
0 0.265625 0.046875 0.059375 0.09375
0 0.203125 0.13046875 0.04140625 0.0609375
0 0.0390625 0.46328125 0.05625 0.08125
0 0.25390625 0.546875 0.1046875 0.1515625
0 0.3421875 0.559375 0.05 0.07734375
0 0.296875 0.671875 0.090625 0.13125
0 0.36640625 0.03359375 0.0953125 0.0671875
0 0.5578125 0.17421875 0.12734375 0.1640625
0 0.58359375 0.3265625 0.1046875 0.13671875
0 0.67265625 0.2046875 0.08125 0.11875
0 0.64765625 0.10703125 0.06328125 0.08671875
0 0.57421875 0.0375 0.12109375 0.07421875
0 0.69296875 0.03984375 0.06953125 0.0796875
0 0.72890625 0.11640625 0.071875 0.12421875
0 0.85078125 0.15078125 0.14921875 0.2046875
0 0.696875 0.36015625 0.1125 0.15703125
0 0.828125 0.3359375 0.12265625 0.13828125
0 0.94140625 0.346875 0.1046875 0.19609375
0 0.60078125 0.509375 0.115625 0.175
0 0.75390625 0.5125 0.13359375 0.2046875
0 0.85078125 0.60390625 0.1046875 0.18125
0 0.72890625 0.7109375 0.16953125 0.20859375
0 0.6609375 0.85390625 0.1328125 0.184375
0 0.59609375 0.67578125 0.065625 0.103125
0 0.534375 0.61953125 0.07421875 0.1125
0 0.790625 0.94375 0.1359375 0.11171875
0 0.8703125 0.83125 0.1265625 0.18984375
0 0.94765625 0.52109375 0.1046875 0.1296875
0 0.8703125 0.44296875 0.07734375 0.11796875
0 0.9625 0.08125 0.075 0.159375
0 0.94765625 0.6734375 0.1046875 0.16640625
0 0.975 0.784375 0.0453125 0.11796875
0 0.971875 0.22890625 0.05625 0.13515625