0 0.2015625 0.45390625 0.10859375 0.16015625
0 0.35859375 0.47578125 0.09609375 0.1453125
0 0.421875 0.58671875 0.0421875 0.0609375
0 0.46875 0.6546875 0.05625 0.10234375
0 0.49375 0.5328125 0.09296875 0.1390625
0 0.54140625 0.38359375 0.08203125 0.13046875
0 0.409375 0.3 0.08828125 0.14375
0 0.49296875 0.259375 0.0453125 0.071875
0 0.56171875 0.24375 0.06875 0.11015625
0 0.72734375 0.22734375 0.08046875 0.13828125
0 0.8109375 0.4125 0.09375 0.15859375
0 0.6265625 0.68828125 0.09453125 0.15078125
0 0.575 0.525 0.0328125 0.0578125
0 0.87890625 0.30546875 0.06328125 0.08984375
0 0.95 0.25234375 0.059375 0.0828125
0 0.93125 0.39296875 0.06171875 0.0984375
0 0.90859375 0.5484375 0.06953125 0.11015625
0 0.73515625 0.66640625 0.05546875 0.07578125
0 0.7609375 0.57578125 0.05703125 0.10546875
0 0.83046875 0.54765625 0.04609375 0.07890625
0 0.8203125 0.69921875 0.09296875 0.13203125
0 0.74296875 0.80234375 0.10546875 0.1671875
0 0.68046875 0.4765625 0.10390625 0.2171875
0 0.83046875 0.07421875 0.1328125 0.1484375
0 0.6171875 0.0828125 0.11953125 0.16484375
0 0.30234375 0.04609375 0.14296875 0.09140625
0 0.2671875 0.171875 0.0796875 0.12265625
0 0.17265625 0.1046875 0.09765625 0.1375
0 0.03203125 0.1328125 0.0640625 0.14140625
0 0.121875 0.3140625 0.0859375 0.13203125
0 0.03203125 0.68203125 0.0640625 0.0984375
0 0.05078125 0.571875 0.0609375 0.096875
0 0.08046875 0.46328125 0.0640625 0.10078125
0 0.1484375 0.70390625 0.103125 0.1765625
0 0.240625 0.63671875 0.0734375 0.12109375
0 0.33515625 0.6421875 0.08203125 0.1171875
0 0.4046875 0.8046875 0.0875 0.1421875
0 0.2375 0.9375 0.08125 0.125
0 0.23125 0.81328125 0.040625 0.0703125
0 0.29375 0.79140625 0.0734375 0.115625
0 0.10234375 0.90234375 0.09765625 0.14765625
0 0.459375 0.9515625 0.02421875 0.05546875
0 0.54140625 0.93671875 0.08203125 0.1265625
0 0.56171875 0.8109375 0.07265625 0.11015625
0 0.94375 0.80078125 0.10625 0.1953125
0 0.90390625 0.95390625 0.11640625 0.09140625
0 0.80625 0.95390625 0.05703125 0.09140625
0 0.69296875 0.95390625 0.11171875 0.09140625
0 0.62109375 0.8765625 0.0515625 0.0859375
0 0.39921875 0.94296875 0.09765625 0.1140625
0 0.9734375 0.61953125 0.053125 0.15234375
0 0.8609375 0.20625 0.0875 0.10546875
0 0.31640625 0.33828125 0.06171875 0.1046875
0 0.45859375 0.1296875 0.06953125 0.1078125
0 0.715625 0.103125 0.03359375 0.06015625
0 0.6578125 0.23359375 0.03125 0.05
0 0.48046875 0.9140625 0.0328125 0.046875
0 0.08046875 0.17890625 0.04921875 0.07109375
0 0.07421875 0.0734375 0.0375 0.0484375
0 0.0296875 0.259375 0.059375 0.1125
0 0.184375 0.34375 0.028125 0.0453125
0 0.28984375 0.54609375 0.0328125 0.0453125
0 0.26484375 0.5109375 0.02578125 0.05
0 0.01875 0.79140625 0.0375 0.07734375
0 0.3140625 0.94296875 0.03515625 0.05390625
0 0.07265625 0.0234375 0.0671875 0.04609375
0 0.5015625 0.07578125 0.0328125 0.05390625
0 0.521875 0.175 0.03515625 0.05234375
0 0.22890625 0.32578125 0.028125 0.04140625
0 0.665625 0.8453125 0.02578125 0.0453125
0 0.01953125 0.33984375 0.03359375 0.04765625
0 0.16171875 0.2140625 0.02890625 0.04765625
0 0.15859375 0.9703125 0.02734375 0.04765625