0 0.02109375 0.07890625 0.0421875 0.0640625
0 0.0328125 0.02578125 0.046875 0.05078125
0 0.0671875 0.08203125 0.04140625 0.0765625
0 0.1171875 0.065625 0.03671875 0.0484375
0 0.046875 0.18125 0.046875 0.0671875
0 0.08515625 0.2453125 0.046875 0.0734375
0 0.2109375 0.11640625 0.0421875 0.0765625
0 0.15859375 0.10703125 0.0375 0.0640625
0 0.10625 0.1890625 0.04140625 0.0640625
0 0.02265625 0.3109375 0.04375 0.0703125
0 0.0671875 0.3265625 0.0359375 0.0703125
0 0.1265625 0.30390625 0.04765625 0.06484375
0 0.046875 0.39921875 0.03671875 0.06015625
0 0.028125 0.4515625 0.034375 0.05625
0 0.08125 0.45390625 0.03203125 0.05390625
0 0.10703125 0.38828125 0.04609375 0.06796875
0 0.15859375 0.36171875 0.046875 0.065625
0 0.14609375 0.24375 0.03828125 0.065625
0 0.21640625 0.2953125 0.0421875 0.06171875
0 0.19453125 0.39921875 0.0421875 0.07109375
0 0.12265625 0.50625 0.0421875 0.0765625
0 0.0828125 0.5625 0.05234375 0.0765625
0 0.02890625 0.56484375 0.04921875 0.0765625
0 0.175 0.04921875 0.03203125 0.05
0 0.1375 0.02265625 0.03515625 0.0453125
0 0.2375 0.04453125 0.02890625 0.04453125
0 0.203125 0.0234375 0.04375 0.046875
0 0.18359375 0.2515625 0.03203125 0.05078125
0 0.17890625 0.16640625 0.03046875 0.05
0 0.1484375 0.1828125 0.0265625 0.05078125
0 0.11171875 0.12578125 0.03828125 0.06015625
0 0.1109375 0.63125 0.0265625 0.0484375
0 0.12421875 0.57734375 0.02578125 0.040625
0 0.0625 0.65546875 0.046875 0.0796875
0 0.24453125 0.43125 0.04765625 0.07109375
0 0.16171875 0.4953125 0.03828125 0.06171875
0 0.209375 0.51484375 0.040625 0.071875
0 0.18515625 0.6078125 0.03359375 0.05703125
0 0.15703125 0.56796875 0.02734375 0.05234375
0 0.3109375 0.04765625 0.04921875 0.08671875
0 0.2609375 0.12265625 0.0234375 0.03671875
0 0.2640625 0.17578125 0.03671875 0.05078125
0 0.26796875 0.071875 0.0328125 0.05390625
0 0.22109375 0.19921875 0.0296875 0.04375
0 0.18828125 0.20859375 0.01875 0.03203125
0 0.1671875 0.21015625 0.0203125 0.03359375
0 0.25078125 0.28125 0.02578125 0.03828125
0 0.2625 0.33359375 0.04609375 0.06171875
0 0.27734375 0.234375 0.03125 0.0546875
0 0.221875 0.346875 0.02265625 0.0328125
0 0.23203125 0.38203125 0.02734375 0.03828125
0 0.20625 0.4578125 0.02578125 0.040625
0 0.14765625 0.42578125 0.03828125 0.05625
0 0.11171875 0.4484375 0.02109375 0.03046875
0 0.21953125 0.56953125 0.021875 0.0359375
0 0.24375 0.621875 0.0375 0.0546875
0 0.2171875 0.603125 0.0171875 0.025
0 0.2109375 0.63203125 0.01640625 0.025
0 0.14453125 0.62109375 0.03046875 0.04296875
0 0.1671875 0.66796875 0.03671875 0.0515625
0 0.13203125 0.66484375 0.0265625 0.03984375
0 0.1046875 0.68046875 0.02890625 0.040625
0 0.2515625 0.54453125 0.0375 0.06640625
0 0.21640625 0.66953125 0.03515625 0.0453125
0 0.28203125 0.63203125 0.0328125 0.0515625
0 0.2609375 0.72421875 0.0484375 0.08203125
0 0.1734375 0.728125 0.03828125 0.05859375
0 0.21640625 0.73046875 0.0328125 0.05
0 0.253125 0.66640625 0.01328125 0.02265625
0 0.15 0.703125 0.02109375 0.03203125
0 0.12265625 0.72109375 0.02578125 0.0421875
0 0.09453125 0.7234375 0.0234375 0.040625
0 0.13515625 0.76171875 0.0296875 0.0453125
0 0.05 0.76953125 0.0578125 0.103125
0 0.02734375 0.68984375 0.0296875 0.0453125
0 0.01328125 0.64609375 0.0265625 0.0796875
0 0.0078125 0.71640625 0.015625 0.0453125
0 0.0953125 0.83125 0.03515625 0.0515625
0 0.14765625 0.8171875 0.040625 0.05625
0 0.19453125 0.80703125 0.04296875 0.07265625
0 0.23359375 0.828125 0.03125 0.0484375
0 0.271875 0.80859375 0.03203125 0.05703125
0 0.18984375 0.68984375 0.0125 0.01796875
0 0.2328125 0.69765625 0.0109375 0.01796875
0 0.128125 0.86640625 0.0375 0.05859375
0 0.1703125 0.90078125 0.03984375 0.0640625
0 0.06171875 0.8921875 0.05234375 0.075
0 0.0796875 0.9703125 0.04453125 0.05859375
0 0.0265625 0.9671875 0.03984375 0.065625
0 0.01171875 0.91171875 0.021875 0.0484375
0 0.015625 0.86171875 0.03125 0.05
0 0.12265625 0.93671875 0.0390625 0.06484375
0 0.15078125 0.96015625 0.021875 0.03125
0 0.1921875 0.96640625 0.05234375 0.0671875
0 0.215625 0.8765625 0.0328125 0.05390625
0 0.23125 0.93203125 0.034375 0.05703125
0 0.25625 0.87734375 0.0359375 0.05703125
0 0.259375 0.9609375 0.028125 0.046875
0 0.28671875 0.9046875 0.03125 0.06015625
0 0.2921875 0.97890625 0.0328125 0.0421875
0 0.328125 0.925 0.04609375 0.075
0 0.30625 0.81015625 0.0328125 0.0484375
0 0.30703125 0.75390625 0.0421875 0.05390625
0 0.31171875 0.8515625 0.021875 0.034375
0 0.33515625 0.840625 0.02421875 0.03515625
0 0.36328125 0.865625 0.021875 0.03515625
0 0.38125 0.909375 0.05 0.06171875
0 0.36484375 0.971875 0.03515625 0.0515625
0 0.39765625 0.97578125 0.0328125 0.0484375
0 0.33984375 0.79921875 0.02265625 0.03828125
0 0.38984375 0.7921875 0.05859375 0.09609375
0 0.33515625 0.72421875 0.025 0.0421875
0 0.33984375 0.7640625 0.01328125 0.01875
0 0.421875 0.87421875 0.02890625 0.05
0 0.36015625 0.69765625 0.03828125 0.0546875
0 0.31171875 0.696875 0.02890625 0.0453125
0 0.440625 0.975 0.0421875 0.04921875
0 0.4421875 0.921875 0.02421875 0.03515625
0 0.45390625 0.88203125 0.03046875 0.0484375
0 0.440625 0.825 0.0296875 0.05234375
0 0.4578125 0.7609375 0.0375 0.05625
0 0.4359375 0.71875 0.03984375 0.04375
0 0.41328125 0.67890625 0.04609375 0.06171875
0 0.4875 0.71484375 0.046875 0.06484375
0 0.3203125 0.65078125 0.0359375 0.0484375
0 0.375 0.63203125 0.04296875 0.07265625
0 0.43125 0.615625 0.03515625 0.05078125
0 0.453125 0.65390625 0.034375 0.05234375
0 0.475 0.58125 0.04140625 0.06328125
0 0.31953125 0.590625 0.034375 0.06484375
0 0.2875 0.5828125 0.02421875 0.04140625
0 0.290625 0.5265625 0.03046875 0.05625
0 0.29375 0.42734375 0.0390625 0.05859375
0 0.265625 0.4953125 0.01875 0.028125
0 0.28828125 0.478125 0.02578125 0.03984375
0 0.3171875 0.48828125 0.02578125 0.0375
0 0.3515625 0.4859375 0.034375 0.05078125
0 0.32734375 0.5296875 0.02734375 0.04140625
0 0.35234375 0.5484375 0.0296875 0.05390625
0 0.3921875 0.56015625 0.03515625 0.0546875
0 0.40078125 0.48984375 0.04921875 0.071875
0 0.43359375 0.5578125 0.0328125 0.0546875
0 0.4546875 0.47265625 0.04140625 0.07265625
0 0.42109375 0.43984375 0.02421875 0.04140625
0 0.37578125 0.42265625 0.040625 0.05703125
0 0.3390625 0.39453125 0.04296875 0.06015625
0 0.4203125 0.3828125 0.03671875 0.05703125
0 0.30234375 0.3609375 0.03046875 0.05
0 0.33203125 0.33359375 0.01953125 0.03125
0 0.45859375 0.3984375 0.0265625 0.0390625
0 0.475 0.42578125 0.0203125 0.02734375
0 0.45078125 0.33828125 0.03828125 0.0578125
0 0.37109375 0.31484375 0.04921875 0.08984375
0 0.41640625 0.30390625 0.034375 0.05625
0 0.4546875 0.253125 0.03671875 0.04375
0 0.33671875 0.28125 0.02734375 0.04921875
0 0.30625 0.29609375 0.03046875 0.04375
0 0.34765625 0.221875 0.0328125 0.04453125
0 0.31171875 0.2390625 0.02890625 0.04375
0 0.2765625 0.28046875 0.0140625 0.02421875
0 0.3 0.1953125 0.02734375 0.0515625
0 0.4015625 0.20859375 0.05703125 0.09140625
0 0.35625 0.1578125 0.03828125 0.06328125
0 0.32265625 0.1640625 0.01796875 0.03046875
0 0.30625 0.12734375 0.03828125 0.05625
0 0.40078125 0.13203125 0.0234375 0.0375
0 0.38828125 0.16171875 0.01328125 0.0234375
0 0.35703125 0.090625 0.03359375 0.05390625
0 0.3890625 0.0875 0.021875 0.03828125
0 0.41875 0.0953125 0.025 0.04375
0 0.36328125 0.02734375 0.0359375 0.05078125
0 0.409375 0.03671875 0.04921875 0.06328125
0 0.2734375 0.0171875 0.03515625 0.03359375
0 0.4640625 0.0734375 0.0421875 0.06015625
0 0.515625 0.09921875 0.0484375 0.07265625
0 0.49453125 0.0203125 0.0421875 0.03984375
0 0.540625 0.02734375 0.040625 0.0546875
0 0.47578125 0.11875 0.02734375 0.04296875
0 0.45234375 0.20859375 0.034375 0.0453125
0 0.50234375 0.19453125 0.059375 0.08203125
0 0.55625 0.175 0.03203125 0.04296875
0 0.4859375 0.29296875 0.0375 0.0578125
0 0.53984375 0.265625 0.0234375 0.03984375
0 0.51171875 0.26484375 0.02421875 0.03828125
0 0.52578125 0.31484375 0.0359375 0.0546875
0 0.509375 0.3859375 0.06015625 0.078125
0 0.4984375 0.459375 0.03515625 0.05078125
0 0.525 0.48515625 0.02109375 0.0359375
0 0.4984375 0.521875 0.0421875 0.0609375
0 0.52890625 0.56015625 0.03125 0.04921875
0 0.559375 0.51015625 0.04921875 0.0734375
0 0.51171875 0.646875 0.0609375 0.0890625
0 0.5 0.77578125 0.03671875 0.0484375
0 0.53203125 0.8265625 0.05546875 0.06875
0 0.4734375 0.82421875 0.0328125 0.0484375
0 0.49140625 0.88671875 0.04453125 0.06171875
0 0.53671875 0.8953125 0.03203125 0.06171875
0 0.496875 0.965625 0.053125 0.06796875
0 0.56171875 0.94296875 0.0375 0.05546875
0 0.584375 0.96640625 0.01640625 0.0234375
0 0.58828125 0.87265625 0.04765625 0.0828125
0 0.60625 0.80078125 0.02734375 0.04375
0 0.5578125 0.7390625 0.0515625 0.09453125
0 0.6078125 0.75 0.04140625 0.05078125
0 0.59921875 0.70546875 0.03671875 0.0390625
0 0.5828125 0.65625 0.04609375 0.0546875
0 0.5703125 0.60234375 0.03828125 0.04765625
0 0.609375 0.6171875 0.03046875 0.04140625
0 0.615625 0.51796875 0.0546875 0.09453125
0 0.6140625 0.42890625 0.03671875 0.0515625
0 0.5484375 0.43671875 0.053125 0.06328125
0 0.559375 0.38046875 0.01875 0.02890625
0 0.58828125 0.3578125 0.0296875 0.05703125
0 0.62265625 0.378125 0.03515625 0.05546875
0 0.6609375 0.36796875 0.03828125 0.06171875
0 0.621875 0.32734375 0.02421875 0.04296875
0 0.64765625 0.32734375 0.021875 0.03671875
0 0.5640625 0.296875 0.03125 0.0453125
0 0.59453125 0.31796875 0.01875 0.01640625
0 0.6421875 0.28671875 0.02734375 0.04296875
0 0.60234375 0.28046875 0.040625 0.05703125
0 0.6796875 0.29296875 0.0328125 0.05859375
0 0.6359375 0.20859375 0.0515625 0.06953125
0 0.56953125 0.228125 0.0515625 0.07265625
0 0.603125 0.1578125 0.03203125 0.053125
0 0.62578125 0.1265625 0.0296875 0.05703125
0 0.57734375 0.096875 0.05390625 0.06484375
0 0.6546875 0.1328125 0.02734375 0.040625
0 0.63203125 0.06328125 0.03828125 0.0515625
0 0.66953125 0.08828125 0.0296875 0.04453125
0 0.68359375 0.12734375 0.02578125 0.0390625
0 0.6875 0.040625 0.028125 0.040625
0 0.6015625 0.03671875 0.03828125 0.06484375
0 0.65390625 0.034375 0.0203125 0.03125
0 0.6359375 0.01484375 0.03046875 0.0296875
0 0.6703125 0.01171875 0.02734375 0.0234375
0 0.7078125 0.090625 0.03515625 0.0515625
0 0.73125 0.05078125 0.04375 0.06328125
0 0.7546875 0.01875 0.03125 0.0375
0 0.78671875 0.028125 0.02421875 0.03984375
0 0.74921875 0.10625 0.0359375 0.05
0 0.7953125 0.0828125 0.040625 0.06015625
0 0.78046875 0.1390625 0.04375 0.04921875
0 0.73203125 0.1578125 0.040625 0.0546875
0 0.70390625 0.13984375 0.01875 0.02578125
0 0.6828125 0.1859375 0.03828125 0.0515625
0 0.7328125 0.221875 0.04765625 0.06171875
0 0.69921875 0.2390625 0.03359375 0.05
0 0.6671875 0.2484375 0.02421875 0.0359375
0 0.74921875 0.2796875 0.0296875 0.040625
0 0.7296875 0.3328125 0.04375 0.07109375
0 0.7953125 0.28828125 0.0328125 0.0484375
0 0.77578125 0.19140625 0.03515625 0.05859375
0 0.8140625 0.2046875 0.03359375 0.0671875
0 0.84375 0.103125 0.046875 0.075
0 0.7640625 0.309375 0.02109375 0.03359375
0 0.78828125 0.3484375 0.0515625 0.06328125
0 0.72109375 0.4 0.0515625 0.06640625
0 0.6984375 0.32265625 0.01875 0.0265625
0 0.67109375 0.4671875 0.05 0.07734375
0 0.66015625 0.53125 0.01640625 0.02578125
0 0.70390625 0.51015625 0.02734375 0.04296875
0 0.65 0.5640625 0.0296875 0.046875
0 0.68671875 0.5609375 0.03046875 0.05078125
0 0.72265625 0.56953125 0.0265625 0.0484375
0 0.74375 0.53046875 0.0296875 0.04921875
0 0.74296875 0.4796875 0.03671875 0.04921875
0 0.71796875 0.45625 0.0296875 0.04375
0 0.69921875 0.43203125 0.01875 0.03359375
0 0.75546875 0.4375 0.025 0.0296875
0 0.78046875 0.446875 0.0265625 0.03828125
0 0.7796875 0.40390625 0.03828125 0.04765625
0 0.81875 0.440625 0.04453125 0.084375
0 0.78046875 0.50546875 0.04296875 0.05859375
0 0.82734375 0.51953125 0.0453125 0.06171875
0 0.81953125 0.59453125 0.065625 0.07578125
0 0.759375 0.571875 0.0328125 0.03984375
0 0.78828125 0.55234375 0.02578125 0.03828125
0 0.759375 0.6296875 0.046875 0.07734375
0 0.7078125 0.640625 0.04609375 0.06640625
0 0.6625 0.6171875 0.040625 0.053125
0 0.63125 0.6671875 0.0359375 0.0640625
0 0.66484375 0.6640625 0.02890625 0.04609375
0 0.69765625 0.71875 0.0578125 0.07109375
0 0.74375 0.68515625 0.03671875 0.05703125
0 0.78359375 0.69453125 0.034375 0.053125
0 0.821875 0.66796875 0.0359375 0.0515625
0 0.7515625 0.7390625 0.04609375 0.04296875
0 0.725 0.7953125 0.04375 0.06484375
0 0.68515625 0.775 0.03046875 0.0484375
0 0.64921875 0.759375 0.03203125 0.0484375
0 0.65390625 0.71015625 0.021875 0.03828125
0 0.63203125 0.71953125 0.01328125 0.0234375
0 0.7984375 0.7578125 0.03203125 0.05
0 0.7703125 0.7921875 0.0359375 0.06484375
0 0.803125 0.80625 0.03125 0.03984375
0 0.78359375 0.8578125 0.040625 0.05625
0 0.740625 0.9109375 0.0421875 0.09296875
0 0.715625 0.86875 0.02265625 0.04375
0 0.68671875 0.9015625 0.04921875 0.06484375
0 0.63046875 0.91953125 0.0421875 0.07421875
0 0.6328125 0.97890625 0.028125 0.0421875
0 0.60390625 0.984375 0.0328125 0.03125
0 0.66953125 0.9765625 0.040625 0.04609375
0 0.69296875 0.9546875 0.025 0.0375
0 0.753125 0.98125 0.03046875 0.03671875
0 0.79765625 0.95 0.03984375 0.05
0 0.77734375 0.91015625 0.025 0.0375
0 0.81484375 0.89140625 0.03515625 0.0515625
0 0.82265625 0.97890625 0.02421875 0.03671875
0 0.8484375 0.93671875 0.04453125 0.08828125
0 0.86640625 0.84609375 0.046875 0.0796875
0 0.82734375 0.840625 0.03203125 0.05234375
0 0.83671875 0.77578125 0.0421875 0.065625
0 0.85859375 0.72109375 0.03046875 0.05078125
0 0.815625 0.715625 0.040625 0.0484375
0 0.87421875 0.77265625 0.0234375 0.03828125
0 0.92265625 0.83515625 0.04453125 0.06796875
0 0.90234375 0.90078125 0.0390625 0.05546875
0 0.9140625 0.96015625 0.07109375 0.05625
0 0.9484375 0.90703125 0.03671875 0.0640625
0 0.965625 0.7953125 0.0453125 0.05546875
0 0.96328125 0.85 0.0390625 0.05078125
0 0.97421875 0.95859375 0.0265625 0.04296875
0 0.93125 0.76953125 0.03828125 0.0546875
0 0.8984375 0.784375 0.02890625 0.053125
0 0.89921875 0.7328125 0.0421875 0.0515625
0 0.86796875 0.6546875 0.0546875 0.0796875
0 0.921875 0.6765625 0.0359375 0.06015625
0 0.953125 0.68203125 0.03359375 0.05
0 0.97890625 0.66953125 0.03125 0.04765625
0 0.9171875 0.6140625 0.04765625 0.06953125
0 0.959375 0.62265625 0.03046875 0.05625
0 0.978125 0.72578125 0.04375 0.08203125
0 0.9875 0.625 0.025 0.040625
0 0.9765625 0.5765625 0.02890625 0.040625
0 0.94609375 0.578125 0.0296875 0.04765625
0 0.8859375 0.57890625 0.034375 0.05078125
0 0.85859375 0.49140625 0.0296875 0.046875
0 0.8921875 0.46953125 0.03515625 0.0515625
0 0.9359375 0.48359375 0.028125 0.03984375
0 0.94375 0.42421875 0.0375 0.075
0 0.92421875 0.3609375 0.03515625 0.04765625
0 0.90390625 0.41015625 0.03125 0.06015625
0 0.88125 0.37890625 0.028125 0.04765625
0 0.9515625 0.525 0.0296875 0.05078125
0 0.915625 0.5296875 0.03515625 0.06171875
0 0.88125 0.52890625 0.03125 0.05
0 0.86015625 0.43515625 0.04296875 0.0609375
0 0.84296875 0.36953125 0.04375 0.06328125
0 0.87421875 0.33828125 0.028125 0.0375
0 0.83125 0.3171875 0.040625 0.046875
0 0.9171875 0.309375 0.05 0.0625
0 0.875 0.28828125 0.0328125 0.05703125
0 0.8484375 0.275 0.02734375 0.03671875
0 0.89453125 0.2328125 0.03828125 0.0640625
0 0.96875 0.2640625 0.04921875 0.08671875
0 0.92421875 0.21484375 0.028125 0.0515625
0 0.93359375 0.25703125 0.02734375 0.03828125
0 0.9578125 0.365625 0.03515625 0.04609375
0 0.9875 0.34140625 0.025 0.0546875
0 0.9828125 0.4109375 0.034375 0.078125
0 0.97890625 0.48046875 0.0421875 0.05859375
0 0.94921875 0.178125 0.03984375 0.06328125
0 0.98515625 0.1703125 0.0265625 0.05625
0 0.93984375 0.11875 0.02890625 0.0390625
0 0.8984375 0.09375 0.0515625 0.0875
0 0.90546875 0.17109375 0.03828125 0.053125
0 0.87109375 0.18671875 0.02734375 0.03984375
0 0.84140625 0.18125 0.0328125 0.05390625
0 0.86875 0.15234375 0.02109375 0.03359375
0 0.94375 0.0640625 0.04375 0.06328125
0 0.98671875 0.10546875 0.02578125 0.07265625
0 0.965625 0.12265625 0.025 0.04921875
0 0.85859375 0.23125 0.0296875 0.046875
0 0.82265625 0.2671875 0.02421875 0.04375
0 0.84765625 0.0328125 0.040625 0.06171875
0 0.64375 0.82109375 0.04296875 0.0640625
0 0.6890625 0.8328125 0.0375 0.0578125
0 0.88515625 0.02734375 0.03046875 0.0421875
0 0.97890625 0.053125 0.02109375 0.0328125
0 0.915625 0.01796875 0.03984375 0.0359375
0 0.8125 0.02109375 0.02734375 0.04140625