0 0.03515625 0.13203125 0.0703125 0.1328125
0 0.18671875 0.10625 0.09375 0.140625
0 0.28125 0.16640625 0.0859375 0.1328125
0 0.1421875 0.31640625 0.0875 0.1328125
0 0.21328125 0.453125 0.1015625 0.15703125
0 0.096875 0.46484375 0.0625 0.0984375
0 0.03515625 0.26484375 0.06640625 0.1078125
0 0.328125 0.3359375 0.0625 0.08671875
0 0.378125 0.4796875 0.0875 0.1375
0 0.16484375 0.709375 0.1046875 0.16171875
0 0.06484375 0.57421875 0.0578125 0.08515625
0 0.42421875 0.30234375 0.09375 0.140625
0 0.47421875 0.13515625 0.06796875 0.10625
0 0.55546875 0.38515625 0.08046875 0.12890625
0 0.57734375 0.24375 0.06640625 0.1078125
0 0.6171875 0.11171875 0.09921875 0.1453125
0 0.34453125 0.64453125 0.08046875 0.12734375
0 0.2578125 0.634375 0.071875 0.11640625
0 0.5046875 0.53125 0.0859375 0.12890625
0 0.31171875 0.7921875 0.07421875 0.12734375
0 0.10546875 0.909375 0.08203125 0.12421875
0 0.0453125 0.6875 0.0625 0.1015625
0 0.40546875 0.7578125 0.065625 0.0984375
0 0.484375 0.753125 0.05234375 0.08359375
0 0.0171875 0.8859375 0.0328125 0.10625
0 0.50234375 0.26640625 0.0421875 0.071875
0 0.4078125 0.94609375 0.096875 0.1078125
0 0.2515625 0.9421875 0.075 0.11484375
0 0.575 0.8140625 0.07109375 0.11328125
0 0.24765625 0.81484375 0.04140625 0.065625
0 0.19765625 0.859375 0.040625 0.0625
0 0.47578125 0.65390625 0.06015625 0.08984375
0 0.55390625 0.93359375 0.08984375 0.1328125
0 0.70390625 0.9578125 0.090625 0.08359375
0 0.75625 0.8046875 0.09609375 0.1671875
0 0.6546875 0.78046875 0.04921875 0.08828125
0 0.63359375 0.878125 0.0546875 0.08359375
0 0.61328125 0.70625 0.06328125 0.103125
0 0.70625 0.409375 0.09296875 0.146875
0 0.303125 0.55 0.03671875 0.05546875
0 0.43125 0.5875 0.0421875 0.065625
0 0.5625 0.69453125 0.0328125 0.05703125
0 0.32265625 0.9359375 0.0328125 0.05234375
0 0.53046875 0.63828125 0.028125 0.04921875
0 0.6265625 0.6109375 0.0578125 0.08984375
0 0.75234375 0.6671875 0.05703125 0.09140625
0 0.721875 0.21015625 0.0625 0.109375
0 0.31328125 0.03671875 0.09375 0.0734375
0 0.36875 0.12109375 0.05234375 0.075
0 0.84140625 0.07421875 0.134375 0.1484375
0 0.403125 0.028125 0.0640625 0.05546875
0 0.84296875 0.203125 0.053125 0.08828125
0 0.70546875 0.1390625 0.0359375 0.04609375
0 0.734375 0.10625 0.03359375 0.04921875
0 0.82890625 0.409375 0.0984375 0.16015625
0 0.7671875 0.28359375 0.0546875 0.08046875
0 0.62578125 0.44921875 0.040625 0.06015625
0 0.59375 0.534375 0.040625 0.06015625
0 0.68359375 0.540625 0.084375 0.1328125
0 0.775 0.57734375 0.0578125 0.09453125
0 0.834375 0.69375 0.0890625 0.1375
0 0.68671875 0.68125 0.06640625 0.09296875
0 0.52890625 0.19375 0.028125 0.04453125
0 0.66953125 0.2328125 0.028125 0.05703125
0 0.71953125 0.046875 0.0296875 0.05078125
0 0.95859375 0.25703125 0.0578125 0.08828125
0 0.94765625 0.39609375 0.0625 0.09453125
0 0.89765625 0.29765625 0.05859375 0.08515625
0 0.8984375 0.1953125 0.06640625 0.11328125
0 0.91171875 0.5796875 0.053125 0.0765625
0 0.925 0.503125 0.05703125 0.08046875
0 0.94921875 0.8015625 0.1015625 0.18671875
0 0.915625 0.95390625 0.10390625 0.0921875
0 0.82109375 0.9484375 0.05234375 0.08046875
0 0.8453125 0.553125 0.0546875 0.08515625
0 0.78359375 0.20703125 0.046875 0.0734375
0 0.98125 0.61953125 0.03671875 0.15546875
0 0.94609375 0.684375 0.03828125 0.06015625
0 0.45234375 0.04296875 0.04609375 0.0734375
0 0.02421875 0.79375 0.0484375 0.075
0 0.0828125 0.02109375 0.0609375 0.0421875
0 0.571875 0.02109375 0.05 0.0359375
0 0.0890625 0.184375 0.046875 0.0671875
0 0.44375 0.8390625 0.0640625 0.0984375
0 0.07734375 0.36640625 0.0328125 0.04921875