0 0.0234375 0.059375 0.04296875 0.11484375
0 0.0984375 0.04296875 0.04765625 0.078125
0 0.1578125 0.03046875 0.06328125 0.05625
0 0.20546875 0.03984375 0.034375 0.053125
0 0.12890625 0.1078125 0.04765625 0.07734375
0 0.084375 0.1296875 0.04453125 0.06640625
0 0.06484375 0.221875 0.0640625 0.09765625
0 0.13515625 0.20859375 0.06484375 0.0890625
0 0.178125 0.1234375 0.05234375 0.08515625
0 0.228125 0.128125 0.0328125 0.04609375
0 0.23671875 0.0734375 0.03515625 0.053125
0 0.24375 0.01796875 0.0375 0.034375
0 0.284375 0.0453125 0.04609375 0.08515625
0 0.31328125 0.1296875 0.07265625 0.1
0 0.3140625 0.0609375 0.00546875 0.015625
0 0.290625 0.21640625 0.05 0.075
0 0.2671875 0.17421875 0.01484375 0.021875
0 0.22265625 0.22578125 0.078125 0.0921875
0 0.2515625 0.16171875 0.01484375 0.01875
0 0.35234375 0.3125 0.06796875 0.096875
0 0.33359375 0.2546875 0.0171875 0.01796875
0 0.37109375 0.05 0.065625 0.096875
0 0.43515625 0.0875 0.04765625 0.07578125
0 0.42265625 0.02890625 0.01953125 0.0265625
0 0.48828125 0.09765625 0.05078125 0.07734375
0 0.5015625 0.15625 0.01171875 0.0140625
0 0.52421875 0.13359375 0.01875 0.03046875
0 0.4640625 0.0171875 0.05078125 0.034375
0 0.5140625 0.03984375 0.01328125 0.01953125
0 0.5203125 0.07734375 0.01015625 0.015625
0 0.51953125 0.05859375 0.01015625 0.015625
0 0.5640625 0.03515625 0.05234375 0.0703125
0 0.62734375 0.03671875 0.0671875 0.0734375
0 0.71015625 0.034375 0.0609375 0.06875
0 0.665625 0.10546875 0.05625 0.07890625
0 0.6 0.16875 0.090625 0.1234375
0 0.53984375 0.22109375 0.053125 0.08359375
0 0.575 0.278125 0.0390625 0.06640625
0 0.61953125 0.33515625 0.06640625 0.11171875
0 0.60234375 0.26328125 0.01875 0.025
0 0.63203125 0.253125 0.02890625 0.05
0 0.65078125 0.271875 0.0109375 0.015625
0 0.66171875 0.29140625 0.01171875 0.021875
0 0.69453125 0.23203125 0.0625 0.0796875
0 0.70078125 0.15859375 0.04609375 0.06015625
0 0.72265625 0.18515625 0.009375 0.01640625
0 0.75859375 0.259375 0.05546875 0.08828125
0 0.7328125 0.203125 0.01015625 0.01640625
0 0.74765625 0.10234375 0.06484375 0.09375
0 0.815625 0.1 0.0484375 0.07421875
0 0.78046875 0.0265625 0.07578125 0.05234375
0 0.89453125 0.09609375 0.1 0.1
0 0.87265625 0.01953125 0.0640625 0.0390625
0 0.44296875 0.21171875 0.07265625 0.09453125
0 0.42109375 0.15234375 0.02734375 0.03359375
0 0.3734375 0.1921875 0.0625 0.11171875
0 0.48203125 0.15078125 0.01640625 0.0265625
0 0.4828125 0.33984375 0.0875 0.1484375
0 0.49140625 0.24453125 0.01015625 0.0125
0 0.50078125 0.20546875 0.00546875 0.015625
0 0.51171875 0.175 0.0125 0.015625
0 0.5359375 0.16171875 0.01484375 0.01796875
0 0.52578125 0.11484375 0.01171875 0.0109375
0 0.52421875 0.09375 0.00625 0.01171875
0 0.53125 0.09609375 0.00625 0.00703125
0 0.54765625 0.0828125 0.00703125 0.00859375
0 0.62421875 0.09296875 0.00859375 0.01484375
0 0.63046875 0.0796875 0.00546875 0.0078125
0 0.5875 0.07265625 0.01484375 0.01875
0 0.140625 0.38828125 0.07890625 0.1046875
0 0.1296875 0.31953125 0.00703125 0.0109375
0 0.13671875 0.28671875 0.01796875 0.01875
0 0.0984375 0.30546875 0.04921875 0.06953125
0 0.1171875 0.26640625 0.0125 0.01796875
0 0.13046875 0.26640625 0.00703125 0.01015625
0 0.1515625 0.2671875 0.01796875 0.02265625
0 0.059375 0.30546875 0.01015625 0.015625
0 0.06328125 0.28515625 0.0078125 0.0140625
0 0.025 0.3109375 0.0484375 0.1109375
0 0.18359375 0.30390625 0.05078125 0.075
0 0.24453125 0.34375 0.06171875 0.08125
0 0.2453125 0.28828125 0.01796875 0.02890625
0 0.2625 0.2921875 0.0046875 0.0109375
0 0.29609375 0.29921875 0.05234375 0.07890625
0 0.40703125 0.359375 0.059375 0.0921875
0 0.3953125 0.3015625 0.0109375 0.01171875
0 0.39453125 0.28046875 0.0125 0.01953125
0 0.4109375 0.2765625 0.00859375 0.01953125
0 0.421875 0.30390625 0.01328125 0.015625
0 0.55625 0.353125 0.040625 0.06015625
0 0.5203125 0.48046875 0.06796875 0.1078125
0 0.546875 0.4109375 0.02734375 0.04765625
0 0.6125 0.478125 0.096875 0.11484375
0 0.5765625 0.3953125 0.015625 0.02734375
0 0.61171875 0.40625 0.01484375 0.015625
0 0.6296875 0.40078125 0.0109375 0.0125
0 0.2890625 0.39765625 0.01328125 0.02265625
0 0.325 0.428125 0.071875 0.11484375
0 0.29765625 0.37109375 0.0140625 0.02109375
0 0.29140625 0.35 0.01171875 0.0125
0 0.30625 0.35234375 0.0109375 0.01484375
0 0.21171875 0.428125 0.05234375 0.07890625
0 0.2015625 0.371875 0.01015625 0.01484375
0 0.2640625 0.4265625 0.0421875 0.0703125
0 0.3671875 0.409375 0.01015625 0.01953125
0 0.37578125 0.48125 0.05546875 0.08671875
0 0.44765625 0.48125 0.07734375 0.11171875
0 0.11484375 0.52734375 0.06953125 0.10390625
0 0.140625 0.4765625 0.009375 0.0125
0 0.14453125 0.453125 0.01953125 0.0296875
0 0.1546875 0.484375 0.01484375 0.01640625
0 0.175 0.4578125 0.0296875 0.04609375
0 0.075 0.390625 0.05390625 0.0796875
0 0.01484375 0.42109375 0.02734375 0.09765625
0 0.03125 0.37734375 0.0078125 0.015625
0 0.05078125 0.4546875 0.04140625 0.05859375
0 0.08203125 0.45078125 0.025 0.034375
0 0.028125 0.5 0.03515625 0.05234375
0 0.178125 0.52421875 0.04765625 0.0796875
0 0.21171875 0.5046875 0.0140625 0.0296875
0 0.253125 0.51640625 0.06484375 0.08515625
0 0.303125 0.5640625 0.0609375 0.08515625
0 0.3609375 0.559375 0.04453125 0.06328125
0 0.42578125 0.57265625 0.06875 0.078125
0 0.4984375 0.5609375 0.03359375 0.05859375
0 0.55 0.63203125 0.0640625 0.08671875
0 0.5265625 0.55859375 0.01640625 0.0265625
0 0.55234375 0.56640625 0.0203125 0.0296875
0 0.203125 0.64296875 0.05625 0.0796875
0 0.2265625 0.5859375 0.01640625 0.025
0 0.1703125 0.61953125 0.01015625 0.01875
0 0.13046875 0.64921875 0.0640625 0.09609375
0 0.14765625 0.596875 0.009375 0.015625
0 0.16171875 0.5875 0.0109375 0.01953125
0 0.17578125 0.58359375 0.01015625 0.0140625
0 0.215625 0.57265625 0.01171875 0.01484375
0 0.20625 0.55859375 0.01171875 0.01875
0 0.05546875 0.56328125 0.05546875 0.0796875
0 0.0171875 0.53203125 0.0109375 0.01484375
0 0.0046875 0.609375 0.009375 0.01796875
0 0.04453125 0.65859375 0.06796875 0.09609375
0 0.01796875 0.61015625 0.00859375 0.0109375
0 0.02109375 0.5953125 0.00625 0.01015625
0 0.25234375 0.61171875 0.04140625 0.07578125
0 0.30859375 0.6953125 0.06484375 0.0890625
0 0.28671875 0.61953125 0.01171875 0.01875
0 0.2984375 0.62421875 0.00625 0.0109375
0 0.31171875 0.62421875 0.01015625 0.01953125
0 0.34609375 0.63359375 0.05 0.0734375
0 0.403125 0.67890625 0.06875 0.1125
0 0.48125 0.646875 0.06328125 0.08515625
0 0.50078125 0.5984375 0.0109375 0.0140625
0 0.6234375 0.57890625 0.084375 0.09453125
0 0.67578125 0.509375 0.03125 0.0515625
0 0.690625 0.56640625 0.03515625 0.05859375
0 0.696875 0.31796875 0.0625 0.09609375
0 0.74609375 0.1953125 0.00859375 0.01484375
0 0.7453125 0.17421875 0.01015625 0.01484375
0 0.75390625 0.20390625 0.00625 0.0109375
0 0.7609375 0.17109375 0.0140625 0.01875
0 0.7671875 0.19453125 0.01015625 0.01015625
0 0.803125 0.2125 0.06484375 0.0921875
0 0.78046875 0.16484375 0.00859375 0.0125
0 0.796875 0.15234375 0.0109375 0.01640625
0 0.82421875 0.15078125 0.00625 0.01171875
0 0.865625 0.20546875 0.065625 0.10859375
0 0.059375 0.7703125 0.01484375 0.01796875
0 0.05859375 0.7328125 0.0078125 0.01640625
0 0.02734375 0.7703125 0.0484375 0.1046875
0 0.14296875 0.728125 0.0484375 0.06484375
0 0.17578125 0.70859375 0.0109375 0.02109375
0 0.21640625 0.72734375 0.07578125 0.0796875
0 0.2578125 0.67578125 0.01796875 0.02734375
0 0.240625 0.6625 0.01484375 0.021875
0 0.35546875 0.7125 0.01875 0.03046875
0 0.36171875 0.79140625 0.0640625 0.096875
0 0.409375 0.79921875 0.01015625 0.01484375
0 0.41875 0.7734375 0.01328125 0.0140625
0 0.42265625 0.74921875 0.0109375 0.025
0 0.4578125 0.7125 0.04921875 0.06484375
0 0.46796875 0.7796875 0.03984375 0.0703125
0 0.4921875 0.7390625 0.01796875 0.0265625
0 0.50078125 0.70546875 0.0140625 0.02578125
0 0.54765625 0.7390625 0.08046875 0.09765625
0 0.515625 0.68671875 0.00859375 0.02109375
0 0.6125 0.67109375 0.06015625 0.0828125
0 0.60078125 0.7203125 0.015625 0.01796875
0 0.6484375 0.8015625 0.09921875 0.0984375
0 0.6203125 0.7203125 0.01015625 0.01953125
0 0.71484375 0.6484375 0.078125 0.11328125
0 0.09765625 0.8171875 0.06953125 0.11796875
0 0.1234375 0.7703125 0.01015625 0.015625
0 0.13828125 0.77734375 0.0140625 0.01953125
0 0.18046875 0.828125 0.0671875 0.09765625
0 0.2125 0.7890625 0.01875 0.03046875
0 0.278125 0.79609375 0.08203125 0.10078125
0 0.23984375 0.890625 0.05859375 0.0796875
0 0.278125 0.87890625 0.01953125 0.0234375
0 0.26875 0.8640625 0.01015625 0.0125
0 0.0328125 0.89140625 0.05546875 0.07578125
0 0.096875 0.9359375 0.0546875 0.06796875
0 0.07734375 0.89296875 0.01328125 0.01953125
0 0.13984375 0.90078125 0.03984375 0.0703125
0 0.046875 0.96875 0.05 0.0625
0 0.16171875 0.96484375 0.05390625 0.0703125
0 0.1859375 0.93984375 0.009375 0.02109375
0 0.23203125 0.96953125 0.0703125 0.06015625
0 0.1984375 0.9328125 0.009375 0.015625
0 0.33984375 0.9375 0.07890625 0.12421875
0 0.4125 0.91796875 0.01953125 0.02734375
0 0.4109375 0.97421875 0.0453125 0.05078125
0 0.4390625 0.94609375 0.01875 0.0296875
0 0.46953125 0.965625 0.053125 0.06875
0 0.4515625 0.92734375 0.00625 0.01484375
0 0.43515625 0.8609375 0.07265625 0.10078125
0 0.50078125 0.8984375 0.03984375 0.06328125
0 0.534375 0.94765625 0.04375 0.0640625
0 0.55546875 0.8671875 0.0546875 0.0859375
0 0.50078125 0.8265625 0.05625 0.07890625
0 0.54296875 0.80390625 0.01875 0.0234375
0 0.60078125 0.93671875 0.05 0.09296875
0 0.59375 0.8578125 0.0109375 0.01875
0 0.6609375 0.89921875 0.05703125 0.071875
0 0.5671875 0.925 0.02109375 0.0265625
0 0.64453125 0.97109375 0.05234375 0.0578125
0 0.7265625 0.88359375 0.06953125 0.12421875
0 0.76953125 0.9671875 0.05546875 0.065625
0 0.784375 0.88828125 0.0359375 0.0609375
0 0.81953125 0.93671875 0.0484375 0.08984375
0 0.821875 0.846875 0.0703125 0.08203125
0 0.75078125 0.7765625 0.0609375 0.09375
0 0.70859375 0.74453125 0.01484375 0.01875
0 0.70546875 0.72265625 0.01484375 0.01953125
0 0.67265625 0.71796875 0.0484375 0.075
0 0.7765625 0.6921875 0.0609375 0.08125
0 0.6765625 0.965625 0.00625 0.00859375
0 0.69375 0.965625 0.00859375 0.0125
0 0.7234375 0.9609375 0.01171875 0.01171875
0 0.84453125 0.9640625 0.01328125 0.0109375
0 0.88515625 0.96875 0.08125 0.0625
0 0.92109375 0.91015625 0.04765625 0.06640625
0 0.96484375 0.95859375 0.0703125 0.0796875
0 0.9765625 0.8734375 0.04609375 0.09453125
0 0.98515625 0.77578125 0.0296875 0.0953125
0 0.9625 0.66484375 0.075 0.1703125
0 0.87265625 0.75859375 0.07265625 0.08359375
0 0.92265625 0.8296875 0.08359375 0.08828125
0 0.81171875 0.75859375 0.04921875 0.0859375
0 0.85078125 0.7109375 0.01015625 0.01484375
0 0.86484375 0.7 0.01015625 0.02265625
0 0.90859375 0.721875 0.01484375 0.03046875
0 0.95078125 0.77265625 0.009375 0.01484375
0 0.92890625 0.7625 0.01015625 0.01875
0 0.96484375 0.76875 0.01015625 0.01796875
0 0.80234375 0.63671875 0.0140625 0.01875
0 0.83984375 0.6515625 0.05234375 0.08984375
0 0.8921875 0.6265625 0.0625 0.12421875
0 0.9328125 0.63203125 0.01171875 0.01953125
0 0.934375 0.60703125 0.01328125 0.025
0 0.94296875 0.58359375 0.00703125 0.0140625
0 0.9484375 0.60234375 0.00859375 0.01640625
0 0.96015625 0.59296875 0.00625 0.0125
0 0.96875 0.571875 0.01875 0.0265625
0 0.98984375 0.528125 0.0203125 0.1
0 0.94453125 0.50703125 0.06796875 0.1078125
0 0.96796875 0.41328125 0.06015625 0.078125
0 0.98984375 0.46171875 0.0203125 0.0328125
0 0.86484375 0.54296875 0.071875 0.08125
0 0.82890625 0.51484375 0.01796875 0.02109375
0 0.79140625 0.559375 0.06484375 0.13046875
0 0.73125 0.50234375 0.0703125 0.13515625
0 0.68359375 0.4625 0.01640625 0.02265625
0 0.67890625 0.403125 0.05625 0.0734375
0 0.715625 0.41171875 0.015625 0.0265625
0 0.75078125 0.37265625 0.05703125 0.1046875
0 0.8078125 0.44140625 0.07578125 0.1
0 0.7828125 0.390625 0.0140625 0.01875
0 0.78671875 0.36953125 0.01484375 0.015625
0 0.85625 0.42265625 0.00625 0.01015625
0 0.853125 0.3984375 0.01015625 0.01875
0 0.82578125 0.3265625 0.071875 0.1234375
0 0.88984375 0.321875 0.05 0.0859375
0 0.928125 0.36328125 0.02578125 0.05
0 0.88984375 0.38046875 0.0140625 0.01796875
0 0.95625 0.30078125 0.0875 0.1390625
0 0.9828125 0.21640625 0.034375 0.1265625
0 0.93046875 0.17734375 0.0703125 0.0625
0 0.90390625 0.2328125 0.0078125 0.01015625
0 0.91484375 0.2234375 0.01015625 0.01796875
0 0.84296875 0.05390625 0.01328125 0.0125
0 0.9203125 0.05 0.01484375 0.02265625
0 0.94375 0.0109375 0.071875 0.021875
0 0.98984375 0.03203125 0.0203125 0.0640625
0 0.96484375 0.05390625 0.0359375 0.040625
0 0.975 0.11328125 0.05 0.0734375
0 0.00390625 0.1765625 0.00703125 0.05546875
0 0.05 0.14453125 0.0234375 0.0375
0 0.01640625 0.1328125 0.0078125 0.0109375
0 0.0640625 0.08359375 0.01953125 0.0265625
0 0.084375 0.0875 0.01328125 0.01875
0 0.021875 0.1984375 0.0078125 0.01796875
0 0.0453125 0.17265625 0.0171875 0.01328125
0 0.00859375 0.121875 0.00859375 0.00625
0 0.0203125 0.11328125 0.009375 0.0125
0 0.0296875 0.11640625 0.00859375 0.01171875
0 0.05 0.115625 0.01015625 0.0125
0 0.06171875 0.0375 0.02109375 0.0265625
0 0.05625 0.009375 0.046875 0.01875