0 0.15078125 0.103125 0.103125 0.15234375
0 0.290625 0.3359375 0.0734375 0.11171875
0 0.10546875 0.31484375 0.10390625 0.14375
0 0.17890625 0.45625 0.1171875 0.1859375
0 0.0640625 0.46640625 0.07109375 0.11015625
0 0.43828125 0.1359375 0.0859375 0.1296875
0 0.12734375 0.7078125 0.11953125 0.184375
0 0.08359375 0.903125 0.10859375 0.16171875
0 0.33671875 0.4796875 0.096875 0.1578125
0 0.58671875 0.75 0.15 0.23046875
0 0.74375 0.715625 0.1421875 0.25
0 0.6578125 0.478125 0.1171875 0.21484375
0 0.5265625 0.32109375 0.11484375 0.18046875
0 0.38984375 0.28203125 0.09921875 0.16328125
0 0.23984375 0.17734375 0.09453125 0.15234375
0 0.38671875 0.8109375 0.10625 0.16484375
0 0.21953125 0.91953125 0.09609375 0.14375
0 0.03203125 0.25546875 0.059375 0.184375
0 0.28359375 0.04453125 0.12734375 0.08828125
0 0.46015625 0.565625 0.1078125 0.18046875
0 0.70703125 0.2328125 0.08984375 0.14375
0 0.8453125 0.22890625 0.10390625 0.159375
0 0.796875 0.41640625 0.115625 0.1703125
0 0.671875 0.95390625 0.1125 0.0921875
0 0.7828125 0.940625 0.0625 0.090625
0 0.0234375 0.68671875 0.046875 0.1296875
0 0.365625 0.9484375 0.11484375 0.103125
0 0.30703125 0.21953125 0.0421875 0.0640625
0 0.371875 0.084375 0.025 0.0375
0 0.41171875 0.04765625 0.0234375 0.0421875
0 0.49921875 0.171875 0.03671875 0.0640625
0 0.334375 0.1125 0.03046875 0.04765625
0 0.08125 0.04375 0.03515625 0.04453125
0 0.125 0.5609375 0.05078125 0.0765625
0 0.31640625 0.64375 0.09609375 0.134375
0 0.2796875 0.78359375 0.0859375 0.13828125
0 0.2171875 0.63828125 0.0828125 0.13125
0 0.2671875 0.42578125 0.04765625 0.08125
0 0.1359375 0.21328125 0.04765625 0.065625
0 0.58515625 0.56171875 0.05234375 0.078125
0 0.58671875 0.090625 0.13125 0.18046875
0 0.803125 0.0796875 0.15234375 0.159375
0 0.96875 0.1609375 0.0625 0.159375
0 0.9765625 0.3921875 0.04609375 0.1984375
0 0.96328125 0.61796875 0.0734375 0.1828125
0 0.8890625 0.55703125 0.078125 0.1171875
0 0.92421875 0.8 0.12734375 0.1984375
0 0.878125 0.94765625 0.13984375 0.1046875
0 0.98046875 0.93515625 0.0390625 0.065625
0 0.52890625 0.4546875 0.03671875 0.0515625
0 0.66015625 0.88359375 0.03203125 0.0515625
0 0.62890625 0.34453125 0.0328125 0.04765625
0 0.3859375 0.39609375 0.03671875 0.0515625
0 0.42109375 0.41015625 0.02734375 0.04765625
0 0.403125 0.6953125 0.0328125 0.04609375
0 0.44765625 0.38828125 0.025 0.0390625
0 0.9359375 0.0328125 0.028125 0.0515625
0 0.875 0.6640625 0.0296875 0.0515625
0 0.48515625 0.6921875 0.02734375 0.04765625
0 0.43671875 0.95625 0.03203125 0.04765625
0 0.71953125 0.3375 0.0421875 0.065625
0 0.6 0.21328125 0.034375 0.04765625
0 0.92109375 0.18203125 0.034375 0.05859375
0 0.19765625 0.73828125 0.034375 0.0546875