0 0.03046875 0.0265625 0.0484375 0.053125
0 0.02109375 0.084375 0.0421875 0.071875
0 0.04453125 0.1796875 0.04921875 0.0734375
0 0.06640625 0.08125 0.0453125 0.0734375
0 0.11640625 0.0671875 0.03828125 0.0515625
0 0.134375 0.0234375 0.03125 0.046875
0 0.1109375 0.125 0.0421875 0.06015625
0 0.15859375 0.11015625 0.04453125 0.0671875
0 0.17421875 0.04765625 0.0328125 0.0484375
0 0.20234375 0.0234375 0.0421875 0.046875
0 0.2359375 0.04375 0.0328125 0.04375
0 0.26640625 0.0734375 0.0359375 0.05703125
0 0.271875 0.0171875 0.0359375 0.034375
0 0.3078125 0.04765625 0.0578125 0.0859375
0 0.209375 0.1171875 0.053125 0.0703125
0 0.26640625 0.17578125 0.03359375 0.04921875
0 0.26015625 0.12109375 0.02734375 0.03359375
0 0.3046875 0.128125 0.0421875 0.05859375
0 0.35625 0.1609375 0.0375 0.06640625
0 0.35625 0.0921875 0.0390625 0.05625
0 0.36328125 0.02734375 0.03671875 0.0515625
0 0.4046875 0.0375 0.05234375 0.06796875
0 0.38671875 0.08984375 0.02578125 0.03671875
0 0.3984375 0.20625 0.065625 0.10078125
0 0.4 0.13125 0.02890625 0.0453125
0 0.41640625 0.0953125 0.03046875 0.04453125
0 0.1046875 0.19140625 0.0453125 0.06171875
0 0.14765625 0.178125 0.03125 0.053125
0 0.178125 0.1671875 0.0359375 0.05234375
0 0.2140625 0.29609375 0.0421875 0.06171875
0 0.221875 0.2421875 0.03359375 0.0453125
0 0.2203125 0.1984375 0.03125 0.04375
0 0.30078125 0.1984375 0.034375 0.0515625
0 0.3453125 0.22421875 0.03359375 0.0484375
0 0.33671875 0.284375 0.03203125 0.0484375
0 0.3109375 0.2375 0.02578125 0.0421875
0 0.275 0.23515625 0.034375 0.05859375
0 0.24609375 0.22109375 0.02578125 0.0390625
0 0.03828125 0.25 0.03515625 0.04765625
0 0.021875 0.31640625 0.04375 0.08046875
0 0.06328125 0.3265625 0.04609375 0.07265625
0 0.084375 0.25 0.04765625 0.06796875
0 0.125 0.3046875 0.05078125 0.06171875
0 0.14453125 0.24453125 0.03515625 0.06015625
0 0.18203125 0.25390625 0.03828125 0.0546875
0 0.26015625 0.33359375 0.0515625 0.065625
0 0.24921875 0.28046875 0.02578125 0.03671875
0 0.15703125 0.35703125 0.0484375 0.06796875
0 0.103125 0.38984375 0.05 0.075
0 0.0359375 0.42578125 0.05234375 0.09765625
0 0.05703125 0.50078125 0.034375 0.04765625
0 0.08046875 0.45234375 0.03671875 0.05390625
0 0.14765625 0.42421875 0.0390625 0.05859375
0 0.1921875 0.4 0.04375 0.06796875
0 0.20390625 0.45625 0.02890625 0.0375
0 0.24375 0.43359375 0.05 0.07109375
0 0.23125 0.38125 0.02734375 0.04140625
0 0.221875 0.34609375 0.0234375 0.03359375
0 0.3046875 0.2984375 0.0328125 0.04765625
0 0.3015625 0.36015625 0.0296875 0.0484375
0 0.328125 0.33203125 0.02734375 0.0359375
0 0.2921875 0.42578125 0.04296875 0.05703125
0 0.33671875 0.3953125 0.04375 0.0625
0 0.36953125 0.3125 0.05 0.09609375
0 0.41328125 0.303125 0.0375 0.06015625
0 0.41640625 0.384375 0.04296875 0.059375
0 0.3734375 0.42109375 0.040625 0.0578125
0 0.4484375 0.3375 0.04296875 0.0609375
0 0.46328125 0.07421875 0.0390625 0.0546875
0 0.475 0.1203125 0.02734375 0.0390625
0 0.51328125 0.1015625 0.0484375 0.07421875
0 0.4953125 0.01953125 0.0375 0.0390625
0 0.53984375 0.028125 0.04140625 0.04921875
0 0.5765625 0.09765625 0.05078125 0.06953125
0 0.453125 0.25625 0.0375 0.04375
0 0.45 0.21015625 0.034375 0.0484375
0 0.5015625 0.19609375 0.06171875 0.08203125
0 0.4828125 0.2921875 0.03984375 0.06171875
0 0.5109375 0.26484375 0.025 0.03984375
0 0.52421875 0.31640625 0.03515625 0.053125
0 0.53671875 0.2671875 0.02890625 0.04140625
0 0.56796875 0.23125 0.05390625 0.06875
0 0.55546875 0.17421875 0.03671875 0.0421875
0 0.5640625 0.296875 0.03125 0.04375
0 0.509375 0.38828125 0.06015625 0.08046875
0 0.45859375 0.3984375 0.028125 0.03984375
0 0.39921875 0.490625 0.05078125 0.0640625
0 0.41875 0.440625 0.02734375 0.04375
0 0.453125 0.47421875 0.04140625 0.07734375
0 0.35078125 0.48828125 0.03359375 0.0515625
0 0.33125 0.56171875 0.0578125 0.09453125
0 0.31640625 0.4890625 0.025 0.040625
0 0.3328125 0.4515625 0.028125 0.04140625
0 0.2890625 0.5265625 0.03515625 0.053125
0 0.2875 0.47890625 0.0265625 0.0421875
0 0.2078125 0.51640625 0.03828125 0.0640625
0 0.1625 0.4984375 0.03359375 0.06015625
0 0.12109375 0.50703125 0.0421875 0.075
0 0.1109375 0.4484375 0.021875 0.0296875
0 0.0828125 0.5625 0.04375 0.065625
0 0.0265625 0.56328125 0.04609375 0.071875
0 0.54765625 0.43828125 0.04765625 0.0640625
0 0.5859375 0.35703125 0.03203125 0.059375
0 0.24921875 0.5421875 0.04140625 0.06640625
0 0.28046875 0.63046875 0.03515625 0.0484375
0 0.2859375 0.58125 0.028125 0.04140625
0 0.49609375 0.459375 0.0390625 0.0546875
0 0.5234375 0.48671875 0.02109375 0.0328125
0 0.559375 0.51015625 0.04765625 0.0796875
0 0.49609375 0.5234375 0.0453125 0.06171875
0 0.43125 0.5546875 0.03125 0.05546875
0 0.39140625 0.56015625 0.03515625 0.059375
0 0.47265625 0.58203125 0.0390625 0.05859375
0 0.5234375 0.56015625 0.03671875 0.04921875
0 0.56640625 0.6046875 0.03984375 0.04921875
0 0.509375 0.64609375 0.059375 0.0875
0 0.43125 0.6171875 0.03125 0.05
0 0.4515625 0.6546875 0.03125 0.046875
0 0.37265625 0.6328125 0.04296875 0.06875
0 0.41484375 0.678125 0.03671875 0.05703125
0 0.58203125 0.65859375 0.040625 0.05625
0 0.1078125 0.63203125 0.03046875 0.05078125
0 0.12265625 0.57890625 0.0234375 0.03671875
0 0.15703125 0.565625 0.0296875 0.04921875
0 0.18359375 0.60625 0.03203125 0.0578125
0 0.2421875 0.621875 0.03515625 0.05546875
0 0.31875 0.65078125 0.03203125 0.046875
0 0.2140625 0.66875 0.0359375 0.04453125
0 0.2078125 0.63046875 0.01796875 0.02265625
0 0.21484375 0.60390625 0.0171875 0.025
0 0.21640625 0.5703125 0.021875 0.034375
0 0.15546875 0.6765625 0.046875 0.0625
0 0.14296875 0.61953125 0.02890625 0.040625
0 0.25859375 0.7234375 0.0484375 0.08828125
0 0.06328125 0.65859375 0.046875 0.084375
0 0.02421875 0.69140625 0.0296875 0.0421875
0 0.0484375 0.77109375 0.05859375 0.1046875
0 0.13203125 0.76015625 0.03046875 0.046875
0 0.09375 0.721875 0.02734375 0.040625
0 0.1015625 0.68046875 0.02890625 0.03828125
0 0.12109375 0.7203125 0.02734375 0.04140625
0 0.09375 0.82890625 0.03515625 0.05078125
0 0.01484375 0.8609375 0.02890625 0.05078125
0 0.01171875 0.91171875 0.02265625 0.0453125
0 0.0265625 0.965625 0.0390625 0.06171875
0 0.0796875 0.9703125 0.0453125 0.0546875
0 0.06171875 0.89140625 0.05390625 0.07421875
0 0.12265625 0.93671875 0.03984375 0.06484375
0 0.1265625 0.86484375 0.03515625 0.0546875
0 0.14609375 0.81640625 0.040625 0.0578125
0 0.19140625 0.80625 0.046875 0.07421875
0 0.17421875 0.7296875 0.0390625 0.05859375
0 0.2140625 0.73046875 0.0359375 0.0546875
0 0.215625 0.878125 0.0328125 0.0546875
0 0.23203125 0.82734375 0.03515625 0.04765625
0 0.2734375 0.81015625 0.03203125 0.06015625
0 0.30625 0.81015625 0.03046875 0.0515625
0 0.25546875 0.87578125 0.0359375 0.0515625
0 0.16953125 0.90078125 0.03984375 0.05625
0 0.18828125 0.96328125 0.0515625 0.0734375
0 0.23046875 0.93359375 0.0328125 0.05625
0 0.25859375 0.9625 0.02734375 0.04375
0 0.2890625 0.978125 0.0359375 0.04296875
0 0.284375 0.9046875 0.034375 0.05703125
0 0.33359375 0.840625 0.025 0.0375
0 0.32578125 0.92421875 0.0453125 0.071875
0 0.36328125 0.9703125 0.03515625 0.04921875
0 0.396875 0.975 0.03046875 0.04921875
0 0.37890625 0.90859375 0.04921875 0.06484375
0 0.43828125 0.97265625 0.04609375 0.05
0 0.49609375 0.965625 0.053125 0.06796875
0 0.56328125 0.9421875 0.034375 0.05546875
0 0.534375 0.89296875 0.02734375 0.05703125
0 0.44140625 0.921875 0.0203125 0.03671875
0 0.41796875 0.8734375 0.0296875 0.0484375
0 0.45234375 0.87890625 0.03359375 0.04375
0 0.49296875 0.8859375 0.03828125 0.0609375
0 0.43828125 0.8234375 0.03046875 0.053125
0 0.47109375 0.8203125 0.03203125 0.04609375
0 0.38984375 0.79296875 0.0609375 0.10546875
0 0.5296875 0.82734375 0.0578125 0.06640625
0 0.45546875 0.7609375 0.0421875 0.0625
0 0.49765625 0.7765625 0.03515625 0.0515625
0 0.33828125 0.79921875 0.021875 0.03671875
0 0.30546875 0.753125 0.04609375 0.0546875
0 0.334375 0.7234375 0.028125 0.040625
0 0.3109375 0.69921875 0.02734375 0.0453125
0 0.35859375 0.69375 0.03671875 0.05234375
0 0.4890625 0.71953125 0.03671875 0.05390625
0 0.4390625 0.715625 0.02734375 0.040625
0 0.5546875 0.7390625 0.0578125 0.09609375
0 0.58515625 0.8703125 0.04921875 0.07890625
0 0.60234375 0.984375 0.0265625 0.03125
0 0.6328125 0.97734375 0.02578125 0.04140625
0 0.62734375 0.9171875 0.04453125 0.07734375
0 0.640625 0.821875 0.0453125 0.06015625
0 0.60390625 0.7984375 0.02890625 0.04140625
0 0.60625 0.7515625 0.03671875 0.0546875
0 0.60234375 0.70625 0.028125 0.0359375
0 0.684375 0.9046875 0.046875 0.06796875
0 0.6671875 0.9765625 0.040625 0.04609375
0 0.690625 0.95546875 0.02578125 0.03671875
0 0.71328125 0.86875 0.02578125 0.040625
0 0.68828125 0.834375 0.040625 0.0578125
0 0.68359375 0.77578125 0.03125 0.04375
0 0.646875 0.7609375 0.03359375 0.04765625
0 0.6515625 0.70859375 0.021875 0.0421875
0 0.6296875 0.66484375 0.03828125 0.059375
0 0.60703125 0.61640625 0.03203125 0.04921875
0 0.59921875 0.0375 0.03828125 0.0640625
0 0.634375 0.06328125 0.0328125 0.04765625
0 0.6328125 0.0140625 0.03203125 0.02578125
0 0.66640625 0.08671875 0.03203125 0.04375
0 0.68671875 0.0421875 0.02890625 0.04140625
0 0.72890625 0.0515625 0.0453125 0.059375
0 0.79453125 0.08046875 0.03828125 0.0625
0 0.78515625 0.02890625 0.0234375 0.0359375
0 0.81171875 0.02109375 0.02265625 0.0390625
0 0.846875 0.03671875 0.040625 0.0625
0 0.84375 0.10390625 0.0453125 0.0734375
0 0.8828125 0.02734375 0.03125 0.04609375
0 0.9125 0.01875 0.04375 0.0375
0 0.94453125 0.06796875 0.0421875 0.0640625
0 0.9859375 0.10703125 0.02734375 0.07734375
0 0.97890625 0.0515625 0.0203125 0.0359375
0 0.94609375 0.17890625 0.04140625 0.06484375
0 0.96171875 0.12421875 0.028125 0.05234375
0 0.89609375 0.09765625 0.0515625 0.08359375
0 0.9359375 0.1203125 0.0265625 0.0359375
0 0.60078125 0.15859375 0.0296875 0.05
0 0.62421875 0.12578125 0.03359375 0.05234375
0 0.6546875 0.13203125 0.02421875 0.04296875
0 0.68125 0.125 0.0234375 0.040625
0 0.70703125 0.0921875 0.034375 0.0609375
0 0.74921875 0.10703125 0.03359375 0.05078125
0 0.7796875 0.13828125 0.0421875 0.053125
0 0.8375 0.1828125 0.034375 0.06015625
0 0.85390625 0.23046875 0.0359375 0.04609375
0 0.86875 0.1859375 0.02578125 0.040625
0 0.86640625 0.153125 0.02109375 0.03125
0 0.90390625 0.17109375 0.0390625 0.04609375
0 0.97890625 0.16796875 0.0421875 0.0546875
0 0.73125 0.159375 0.0375 0.0546875
0 0.70390625 0.13984375 0.021875 0.0328125
0 0.634375 0.20859375 0.05 0.06953125
0 0.67890625 0.1859375 0.040625 0.053125
0 0.73046875 0.22265625 0.04453125 0.0625
0 0.771875 0.19296875 0.03125 0.05234375
0 0.81015625 0.2078125 0.0328125 0.05703125
0 0.89609375 0.23515625 0.040625 0.06796875
0 0.9234375 0.21640625 0.028125 0.04609375
0 0.96640625 0.26328125 0.05 0.084375
0 0.91484375 0.309375 0.05234375 0.05859375
0 0.86484375 0.28828125 0.0453125 0.059375
0 0.8203125 0.26953125 0.0296875 0.0453125
0 0.7921875 0.2875 0.03359375 0.04609375
0 0.7765625 0.24609375 0.0390625 0.04375
0 0.60078125 0.28125 0.0375 0.0625
0 0.61953125 0.37734375 0.0359375 0.053125
0 0.62109375 0.32890625 0.02578125 0.04296875
0 0.64453125 0.32421875 0.02578125 0.0375
0 0.64140625 0.28515625 0.0265625 0.040625
0 0.66484375 0.24765625 0.02734375 0.0421875
0 0.69765625 0.23984375 0.0359375 0.0578125
0 0.6765625 0.29375 0.0328125 0.05078125
0 0.74609375 0.2796875 0.03359375 0.04296875
0 0.728125 0.33203125 0.04765625 0.06875
0 0.76171875 0.3125 0.025 0.04140625
0 0.78515625 0.34921875 0.05 0.06328125
0 0.83046875 0.32109375 0.04296875 0.05
0 0.88046875 0.3828125 0.03359375 0.04765625
0 0.87109375 0.33828125 0.03359375 0.03828125
0 0.9203125 0.36171875 0.03984375 0.04296875
0 0.95625 0.365625 0.0375 0.046875
0 0.98671875 0.34140625 0.0265625 0.0546875
0 0.7171875 0.3984375 0.0453125 0.065625
0 0.659375 0.36875 0.04140625 0.06640625
0 0.61171875 0.42890625 0.03828125 0.04296875
0 0.615625 0.5140625 0.05078125 0.11328125
0 0.66640625 0.46796875 0.05078125 0.08203125
0 0.74375 0.4796875 0.03828125 0.053125
0 0.7515625 0.43828125 0.025 0.03125
0 0.77421875 0.40625 0.046875 0.04375
0 0.77890625 0.44765625 0.028125 0.0375
0 0.71640625 0.45546875 0.03359375 0.0421875
0 0.81796875 0.4421875 0.0453125 0.08828125
0 0.83984375 0.36953125 0.05 0.053125
0 0.85859375 0.43515625 0.04375 0.06484375
0 0.9015625 0.4171875 0.034375 0.0625
0 0.9390625 0.428125 0.04375 0.07734375
0 0.9734375 0.5109375 0.05234375 0.11015625
0 0.9828125 0.41484375 0.034375 0.0734375
0 0.9453125 0.57890625 0.03203125 0.05234375
0 0.77890625 0.50703125 0.04296875 0.0578125
0 0.82578125 0.52578125 0.05078125 0.06484375
0 0.85859375 0.490625 0.028125 0.04375
0 0.87734375 0.5296875 0.03515625 0.05
0 0.89296875 0.47265625 0.03125 0.05
0 0.9140625 0.53203125 0.0390625 0.06796875
0 0.934375 0.48125 0.03125 0.040625
0 0.75625 0.63046875 0.0484375 0.071875
0 0.75859375 0.56875 0.028125 0.0453125
0 0.81484375 0.59296875 0.07109375 0.075
0 0.78671875 0.553125 0.02578125 0.03828125
0 0.721875 0.56796875 0.03125 0.05234375
0 0.73984375 0.5296875 0.03515625 0.05
0 0.6875 0.56171875 0.03203125 0.05078125
0 0.703125 0.5109375 0.0296875 0.0421875
0 0.66015625 0.615625 0.03984375 0.059375
0 0.64921875 0.5671875 0.03359375 0.0484375
0 0.6625 0.665625 0.03046875 0.04375
0 0.709375 0.63984375 0.0421875 0.06171875
0 0.884375 0.57890625 0.0359375 0.05078125
0 0.86796875 0.65234375 0.06015625 0.08515625
0 0.8125 0.71875 0.04296875 0.05703125
0 0.8203125 0.6671875 0.03203125 0.05
0 0.784375 0.69296875 0.03046875 0.05234375
0 0.7421875 0.684375 0.03671875 0.05703125
0 0.696875 0.71796875 0.05625 0.06875
0 0.75 0.7390625 0.04453125 0.04765625
0 0.72421875 0.79609375 0.04296875 0.06171875
0 0.76953125 0.7921875 0.0390625 0.0578125
0 0.7953125 0.75703125 0.0359375 0.04765625
0 0.85546875 0.7203125 0.03125 0.0515625
0 0.92109375 0.67890625 0.0375 0.059375
0 0.9171875 0.61640625 0.0421875 0.071875
0 0.96484375 0.6765625 0.04453125 0.05546875
0 0.97421875 0.73125 0.04296875 0.06328125
0 0.88984375 0.75703125 0.04375 0.08828125
0 0.93046875 0.7703125 0.0390625 0.05
0 0.96328125 0.79609375 0.04296875 0.0578125
0 0.96015625 0.85234375 0.03828125 0.0546875
0 0.92109375 0.83515625 0.0453125 0.06640625
0 0.86328125 0.8453125 0.05 0.07578125
0 0.825 0.8390625 0.0328125 0.04765625
0 0.78203125 0.8578125 0.0421875 0.05390625
0 0.740625 0.90859375 0.04140625 0.0984375
0 0.77421875 0.9125 0.02890625 0.046875
0 0.8 0.94609375 0.0328125 0.0453125
0 0.8125 0.89140625 0.034375 0.05234375
0 0.84765625 0.9390625 0.04453125 0.08984375
0 0.90078125 0.90234375 0.040625 0.05390625
0 0.9515625 0.9109375 0.0484375 0.0640625
0 0.9109375 0.96015625 0.07265625 0.05546875
0 0.8375 0.7796875 0.0421875 0.06484375
0 0.746875 0.98125 0.04296875 0.0375