0 0.0359375 0.13046875 0.071875 0.13359375
0 0.1890625 0.10625 0.08984375 0.13515625
0 0.13984375 0.31875 0.08671875 0.1296875
0 0.0359375 0.2640625 0.06640625 0.1046875
0 0.1 0.4640625 0.05859375 0.0859375
0 0.21796875 0.4515625 0.10234375 0.1515625
0 0.0671875 0.5734375 0.0546875 0.0828125
0 0.05078125 0.6828125 0.065625 0.10234375
0 0.02734375 0.78984375 0.04296875 0.07265625
0 0.14921875 0.76875 0.08359375 0.11484375
0 0.1140625 0.9109375 0.08515625 0.1234375
0 0.01953125 0.8890625 0.0390625 0.1
0 0.24921875 0.8171875 0.040625 0.05625
0 0.20234375 0.86015625 0.03828125 0.0546875
0 0.06875 0.8546875 0.034375 0.05390625
0 0.1078125 0.653125 0.0421875 0.06875
0 0.16796875 0.6578125 0.0734375 0.10625
0 0.25859375 0.634375 0.06953125 0.10859375
0 0.38203125 0.47890625 0.09140625 0.1375
0 0.28515625 0.16953125 0.06796875 0.10390625
0 0.27421875 0.2703125 0.0453125 0.0703125
0 0.42578125 0.2984375 0.08828125 0.13984375
0 0.3140625 0.328125 0.05 0.07890625
0 0.3671875 0.353125 0.04453125 0.0640625
0 0.340625 0.225 0.05234375 0.0828125
0 0.31328125 0.0453125 0.0671875 0.0890625
0 0.3703125 0.11953125 0.04609375 0.07109375
0 0.0921875 0.184375 0.046875 0.06640625
0 0.346875 0.64375 0.07578125 0.12265625
0 0.31171875 0.78984375 0.0765625 0.11484375
0 0.25390625 0.94140625 0.07890625 0.1171875
0 0.41015625 0.94765625 0.0953125 0.1046875
0 0.40703125 0.75703125 0.05859375 0.09375
0 0.446875 0.83984375 0.065625 0.0921875
0 0.50625 0.53515625 0.084375 0.1296875
0 0.43515625 0.58828125 0.04140625 0.06015625
0 0.48046875 0.65703125 0.0578125 0.0875
0 0.56640625 0.69453125 0.0328125 0.05234375
0 0.62890625 0.61328125 0.0578125 0.08125
0 0.61640625 0.71015625 0.0625 0.10390625
0 0.57890625 0.81328125 0.0671875 0.10859375
0 0.55546875 0.934375 0.0796875 0.13125
0 0.709375 0.9578125 0.09140625 0.08359375
0 0.6390625 0.87890625 0.05234375 0.08359375
0 0.7609375 0.803125 0.0953125 0.16640625
0 0.6890625 0.6796875 0.05703125 0.09765625
0 0.65703125 0.77734375 0.05546875 0.08515625
0 0.83671875 0.6953125 0.08515625 0.1359375
0 0.7578125 0.6703125 0.053125 0.0890625
0 0.6859375 0.5421875 0.0796875 0.12734375
0 0.7765625 0.57734375 0.0546875 0.0921875
0 0.84921875 0.55390625 0.0515625 0.0796875
0 0.91328125 0.57578125 0.0421875 0.0734375
0 0.95234375 0.80078125 0.0953125 0.1859375
0 0.82421875 0.9484375 0.05703125 0.0828125
0 0.91484375 0.95390625 0.11171875 0.09140625
0 0.77265625 0.95234375 0.0328125 0.05
0 0.95078125 0.3984375 0.06015625 0.08515625
0 0.86640625 0.44140625 0.0625 0.1078125
0 0.80390625 0.45390625 0.06484375 0.1125
0 0.70859375 0.4203125 0.0890625 0.12109375
0 0.82734375 0.33828125 0.06484375 0.09609375
0 0.89765625 0.2984375 0.06171875 0.0828125
0 0.96015625 0.259375 0.0546875 0.0890625
0 0.72578125 0.2109375 0.0609375 0.1015625
0 0.78671875 0.20859375 0.04453125 0.0703125
0 0.84296875 0.2046875 0.05078125 0.09765625
0 0.846875 0.075 0.13671875 0.15
0 0.6203125 0.109375 0.0953125 0.14375
0 0.5796875 0.2375 0.071875 0.1046875
0 0.55703125 0.3703125 0.075 0.1109375
0 0.50390625 0.26875 0.0421875 0.0625
0 0.4765625 0.13671875 0.0671875 0.10390625
0 0.4078125 0.0875 0.0375 0.06484375
0 0.45234375 0.0421875 0.04140625 0.07265625
0 0.40234375 0.0265625 0.0671875 0.053125
0 0.26328125 0.0171875 0.03671875 0.03359375
0 0.48984375 0.7546875 0.05703125 0.08515625
0 0.5953125 0.53046875 0.034375 0.0515625
0 0.53359375 0.6359375 0.02734375 0.0421875
0 0.3265625 0.93671875 0.03046875 0.0515625
0 0.24765625 0.74609375 0.034375 0.05234375
0 0.303125 0.54765625 0.0265625 0.04765625
0 0.628125 0.44921875 0.0421875 0.06015625
0 0.71953125 0.04609375 0.02890625 0.0453125
0 0.6734375 0.2328125 0.03046875 0.0484375
0 0.9015625 0.19921875 0.0546875 0.11640625
0 0.70625 0.30390625 0.0609375 0.0875
0 0.76484375 0.2796875 0.0421875 0.0734375
0 0.98125 0.11953125 0.0375 0.0953125
0 0.578125 0.64296875 0.0265625 0.04140625
0 0.27890625 0.51953125 0.02578125 0.0390625