0 0.02890625 0.02421875 0.046875 0.046875
0 0.06796875 0.08125 0.04140625 0.075
0 0.02109375 0.08046875 0.04140625 0.065625
0 0.11640625 0.065625 0.03671875 0.05234375
0 0.11328125 0.12578125 0.03515625 0.06015625
0 0.04375 0.18046875 0.0453125 0.07109375
0 0.02734375 0.1328125 0.015625 0.0265625
0 0.10390625 0.19140625 0.04296875 0.0578125
0 0.1484375 0.18046875 0.02734375 0.04453125
0 0.15703125 0.1078125 0.03984375 0.06484375
0 0.209375 0.11640625 0.04609375 0.07421875
0 0.03828125 0.2515625 0.0328125 0.04765625
0 0.084375 0.2484375 0.0453125 0.07109375
0 0.1453125 0.2453125 0.0328125 0.05703125
0 0.18203125 0.25390625 0.0328125 0.05546875
0 0.06328125 0.328125 0.04140625 0.07265625
0 0.1234375 0.30546875 0.0484375 0.0609375
0 0.0203125 0.3140625 0.040625 0.075
0 0.21484375 0.296875 0.040625 0.0609375
0 0.2203125 0.1984375 0.02734375 0.0453125
0 0.17890625 0.16796875 0.03359375 0.0484375
0 0.17421875 0.04765625 0.02890625 0.05234375
0 0.1359375 0.02421875 0.034375 0.0484375
0 0.03515625 0.42578125 0.04765625 0.090625
0 0.1046875 0.3890625 0.04921875 0.071875
0 0.1578125 0.3578125 0.04375 0.0625
0 0.19296875 0.4 0.0421875 0.06953125
0 0.146875 0.42421875 0.03828125 0.05546875
0 0.078125 0.45390625 0.03671875 0.05703125
0 0.05625 0.49921875 0.03671875 0.04765625
0 0.028125 0.56484375 0.04609375 0.0734375
0 0.1203125 0.50546875 0.04140625 0.07421875
0 0.1609375 0.49609375 0.0359375 0.06171875
0 0.2046875 0.45703125 0.0265625 0.0421875
0 0.24296875 0.434375 0.0453125 0.0734375
0 0.2609375 0.33203125 0.04453125 0.065625
0 0.08359375 0.56171875 0.04765625 0.0703125
0 0.2078125 0.51484375 0.04296875 0.06328125
0 0.278125 0.5171875 0.06328125 0.0875
0 0.10625 0.63125 0.034375 0.04921875
0 0.0609375 0.6546875 0.04765625 0.08046875
0 0.103125 0.68203125 0.02890625 0.0421875
0 0.15703125 0.67421875 0.04453125 0.065625
0 0.2390625 0.621875 0.03984375 0.05390625
0 0.21328125 0.6703125 0.0359375 0.04609375
0 0.1734375 0.7296875 0.0390625 0.0625
0 0.1203125 0.74453125 0.04375 0.07109375
0 0.04921875 0.765625 0.0578125 0.09921875
0 0.01484375 0.86171875 0.02734375 0.05234375
0 0.01015625 0.91484375 0.01875 0.0484375
0 0.025 0.96640625 0.040625 0.06640625
0 0.06328125 0.89375 0.05 0.0734375
0 0.078125 0.97109375 0.0453125 0.0578125
0 0.121875 0.9375 0.03984375 0.06875
0 0.09375 0.83125 0.03359375 0.053125
0 0.12578125 0.8671875 0.04140625 0.06171875
0 0.16796875 0.89921875 0.04296875 0.06640625
0 0.1453125 0.81796875 0.03671875 0.06015625
0 0.21328125 0.87578125 0.0328125 0.05546875
0 0.22890625 0.934375 0.034375 0.059375
0 0.25859375 0.96328125 0.0296875 0.0484375
0 0.18984375 0.965625 0.05390625 0.06796875
0 0.19296875 0.80625 0.04296875 0.0734375
0 0.2328125 0.8265625 0.03125 0.04296875
0 0.2546875 0.87890625 0.03828125 0.059375
0 0.25859375 0.72265625 0.05 0.084375
0 0.2140625 0.73203125 0.034375 0.053125
0 0.27109375 0.809375 0.03203125 0.05703125
0 0.28046875 0.6328125 0.0328125 0.0515625
0 0.2171875 0.5703125 0.0203125 0.03046875
0 0.2859375 0.584375 0.028125 0.04375
0 0.31875 0.6515625 0.0328125 0.04609375
0 0.31015625 0.696875 0.03125 0.04609375
0 0.334375 0.7265625 0.02734375 0.04375
0 0.34921875 0.48671875 0.0328125 0.0546875
0 0.3015625 0.36171875 0.0328125 0.0515625
0 0.3375 0.39609375 0.04296875 0.06171875
0 0.2296875 0.38046875 0.02421875 0.0390625
0 0.3109375 0.23828125 0.02734375 0.04296875
0 0.27421875 0.234375 0.03359375 0.05625
0 0.2640625 0.175 0.0328125 0.04921875
0 0.2984375 0.196875 0.028125 0.04921875
0 0.3453125 0.22265625 0.0296875 0.04609375
0 0.37109375 0.3140625 0.0484375 0.090625
0 0.30234375 0.29765625 0.03046875 0.046875
0 0.375 0.421875 0.0390625 0.05546875
0 0.2921875 0.4265625 0.03828125 0.05625
0 0.22265625 0.346875 0.0203125 0.0296875
0 0.328125 0.56171875 0.0609375 0.08671875
0 0.39140625 0.56015625 0.03515625 0.05390625
0 0.3984375 0.4890625 0.05078125 0.0703125
0 0.41953125 0.3828125 0.03671875 0.0546875
0 0.4 0.21015625 0.05546875 0.090625
0 0.32734375 0.33125 0.02265625 0.034375
0 0.42734375 0.61640625 0.0421875 0.053125
0 0.37265625 0.634375 0.04296875 0.07421875
0 0.3078125 0.753125 0.0375 0.0546875
0 0.30546875 0.81015625 0.0328125 0.05078125
0 0.33359375 0.8421875 0.0265625 0.0390625
0 0.33984375 0.80078125 0.02109375 0.0390625
0 0.38984375 0.79296875 0.06015625 0.1
0 0.5109375 0.646875 0.06015625 0.08515625
0 0.4390625 0.82578125 0.0296875 0.0484375
0 0.3796875 0.9125 0.0484375 0.06484375
0 0.3640625 0.971875 0.03203125 0.05625
0 0.32734375 0.92578125 0.04453125 0.07109375
0 0.28828125 0.97890625 0.03125 0.0421875
0 0.28515625 0.9046875 0.02734375 0.0609375
0 0.440625 0.921875 0.0265625 0.04140625
0 0.45234375 0.88359375 0.0296875 0.05234375
0 0.41796875 0.8734375 0.03046875 0.04765625
0 0.4375 0.97421875 0.0453125 0.0515625
0 0.49609375 0.96484375 0.0515625 0.06953125
0 0.48515625 0.715625 0.04765625 0.06640625
0 0.4546875 0.759375 0.03828125 0.053125
0 0.41171875 0.68046875 0.0453125 0.06171875
0 0.35859375 0.69453125 0.03828125 0.06171875
0 0.47109375 0.825 0.0328125 0.04765625
0 0.4890625 0.88671875 0.04453125 0.06953125
0 0.45234375 0.6546875 0.0296875 0.05078125
0 0.359375 0.8640625 0.02265625 0.034375
0 0.49921875 0.775 0.034375 0.04765625
0 0.5296875 0.82734375 0.05546875 0.07109375
0 0.55625 0.73984375 0.05 0.08984375
0 0.496875 0.521875 0.04375 0.0640625
0 0.453125 0.47578125 0.0421875 0.075
0 0.41796875 0.43984375 0.0265625 0.03828125
0 0.45625 0.3984375 0.0296875 0.04375
0 0.509375 0.38671875 0.06171875 0.08125
0 0.5578125 0.5109375 0.04921875 0.07890625
0 0.56640625 0.60546875 0.0421875 0.05625
0 0.471875 0.58203125 0.03984375 0.06015625
0 0.5453125 0.4375 0.04921875 0.0640625
0 0.49609375 0.459375 0.03515625 0.05234375
0 0.52109375 0.48359375 0.02421875 0.0390625
0 0.58828125 0.3578125 0.0359375 0.05546875
0 0.4140625 0.3015625 0.0359375 0.0546875
0 0.45 0.33984375 0.0390625 0.059375
0 0.50625 0.29765625 0.0609375 0.08359375
0 0.50078125 0.19453125 0.05859375 0.084375
0 0.453125 0.253125 0.03515625 0.04609375
0 0.45078125 0.2078125 0.034375 0.0453125
0 0.56875 0.22890625 0.05234375 0.075
0 0.55390625 0.175 0.0359375 0.04140625
0 0.56015625 0.296875 0.0328125 0.046875
0 0.40703125 0.03828125 0.05078125 0.06640625
0 0.31015625 0.0453125 0.05078125 0.0875
0 0.35625 0.09296875 0.0328125 0.05625
0 0.303125 0.128125 0.03828125 0.059375
0 0.25859375 0.125 0.021875 0.0375
0 0.26640625 0.0734375 0.0296875 0.05703125
0 0.23671875 0.04375 0.028125 0.0421875
0 0.46328125 0.07421875 0.0421875 0.06015625
0 0.51484375 0.10234375 0.04453125 0.07890625
0 0.39921875 0.13203125 0.025 0.0421875
0 0.41640625 0.09296875 0.02890625 0.04375
0 0.3875 0.0875 0.0203125 0.0390625
0 0.36171875 0.02890625 0.03203125 0.053125
0 0.4953125 0.021875 0.04296875 0.04375
0 0.578125 0.09765625 0.05078125 0.065625
0 0.53828125 0.028125 0.0421875 0.05234375
0 0.60234375 0.28125 0.0375 0.0578125
0 0.5984375 0.034375 0.04140625 0.0625
0 0.3546875 0.159375 0.03984375 0.06640625
0 0.6125 0.43046875 0.0359375 0.0515625
0 0.61328125 0.5171875 0.0546875 0.09375
0 0.60703125 0.61875 0.0328125 0.04609375
0 0.58046875 0.65625 0.0421875 0.059375
0 0.60625 0.75 0.040625 0.0515625
0 0.5984375 0.70625 0.034375 0.0390625
0 0.6046875 0.8015625 0.03046875 0.0421875
0 0.534375 0.89609375 0.03359375 0.06015625
0 0.5875 0.8703125 0.05 0.08046875
0 0.56015625 0.94609375 0.0390625 0.0546875
0 0.62890625 0.9203125 0.0453125 0.071875
0 0.63984375 0.82578125 0.04921875 0.06171875
0 0.69609375 0.7171875 0.053125 0.0703125
0 0.63125 0.66640625 0.0375 0.0625
0 0.64765625 0.76015625 0.0359375 0.05078125
0 0.68828125 0.83359375 0.0390625 0.06015625
0 0.684375 0.90546875 0.05 0.0625
0 0.66953125 0.97265625 0.0515625 0.0546875
0 0.64765625 0.565625 0.0328125 0.04765625
0 0.66875 0.46875 0.05 0.07421875
0 0.66015625 0.6171875 0.03828125 0.05625
0 0.7078125 0.63984375 0.03984375 0.06171875
0 0.66015625 0.3703125 0.04296875 0.0640625
0 0.61875 0.37890625 0.0390625 0.0578125
0 0.61875 0.328125 0.028125 0.040625
0 0.71875 0.39609375 0.04609375 0.06015625
0 0.68671875 0.5609375 0.0296875 0.05
0 0.6828125 0.77421875 0.03046875 0.04765625
0 0.72578125 0.79453125 0.0390625 0.0671875
0 0.7390625 0.909375 0.0453125 0.0984375
0 0.71328125 0.8671875 0.02421875 0.04140625
0 0.74140625 0.68359375 0.0328125 0.05859375
0 0.7578125 0.62890625 0.04765625 0.07421875
0 0.7390625 0.5296875 0.03515625 0.04921875
0 0.66484375 0.66484375 0.02734375 0.04609375
0 0.71640625 0.45625 0.03203125 0.0453125
0 0.70234375 0.509375 0.0296875 0.0453125
0 0.77890625 0.45078125 0.02578125 0.04375
0 0.74375 0.48125 0.0390625 0.0515625
0 0.7515625 0.4375 0.02265625 0.03671875
0 0.7765625 0.40390625 0.04140625 0.04921875
0 0.77890625 0.5046875 0.04375 0.0671875
0 0.81796875 0.59375 0.065625 0.0703125
0 0.815625 0.440625 0.04140625 0.08359375
0 0.78203125 0.69375 0.0359375 0.05234375
0 0.7953125 0.7578125 0.03046875 0.05
0 0.76875 0.79140625 0.03671875 0.065625
0 0.78203125 0.85625 0.04140625 0.05703125
0 0.7953125 0.95078125 0.040625 0.05390625
0 0.74375 0.98125 0.046875 0.03671875
0 0.77421875 0.91015625 0.02890625 0.03359375
0 0.8125 0.89296875 0.0390625 0.05390625
0 0.8125 0.715625 0.03984375 0.053125
0 0.74921875 0.7390625 0.0421875 0.05
0 0.8578125 0.72265625 0.02890625 0.05078125
0 0.81953125 0.66875 0.03515625 0.0484375
0 0.8640625 0.65234375 0.05546875 0.0828125
0 0.89375 0.7609375 0.046875 0.08828125
0 0.86484375 0.84609375 0.0515625 0.08203125
0 0.82578125 0.8390625 0.0359375 0.05390625
0 0.83671875 0.77578125 0.04609375 0.0734375
0 0.846875 0.9375 0.04453125 0.08515625
0 0.9125 0.9609375 0.0671875 0.05703125
0 0.9765625 0.721875 0.046875 0.08359375
0 0.97109375 0.5046875 0.0546875 0.11328125
0 0.915625 0.6125 0.046875 0.0703125
0 0.9203125 0.67578125 0.0359375 0.059375
0 0.85390625 0.48984375 0.0375 0.04375
0 0.82578125 0.51953125 0.04609375 0.06015625
0 0.915625 0.5296875 0.03828125 0.06484375
0 0.87890625 0.52890625 0.03125 0.0546875
0 0.93984375 0.42578125 0.0390625 0.06484375
0 0.83828125 0.36796875 0.046875 0.06171875
0 0.784375 0.34921875 0.05234375 0.0625
0 0.7453125 0.27890625 0.028125 0.04453125
0 0.72578125 0.33203125 0.04921875 0.06953125
0 0.6765625 0.29140625 0.03515625 0.05234375
0 0.640625 0.2828125 0.02734375 0.040625
0 0.6453125 0.32578125 0.02265625 0.03515625
0 0.8296875 0.31640625 0.03984375 0.0484375
0 0.85859375 0.4359375 0.0421875 0.0609375
0 0.890625 0.471875 0.03515625 0.0546875
0 0.8796875 0.37890625 0.03046875 0.04453125
0 0.86328125 0.28828125 0.0453125 0.05859375
0 0.915625 0.309375 0.05234375 0.06328125
0 0.96640625 0.26640625 0.0484375 0.0828125
0 0.95546875 0.36796875 0.03671875 0.04921875
0 0.921875 0.36328125 0.04140625 0.04921875
0 0.98671875 0.3421875 0.0265625 0.053125
0 0.98203125 0.4109375 0.0359375 0.071875
0 0.92265625 0.21484375 0.02890625 0.05078125
0 0.89296875 0.2328125 0.03984375 0.065625
0 0.85625 0.23125 0.03359375 0.04921875
0 0.90234375 0.1703125 0.0375 0.05234375
0 0.94609375 0.17890625 0.0421875 0.06328125
0 0.83828125 0.18125 0.0359375 0.059375
0 0.771875 0.19375 0.034375 0.0578125
0 0.7921875 0.28828125 0.03671875 0.05
0 0.73125 0.22421875 0.04765625 0.0671875
0 0.778125 0.246875 0.03828125 0.04765625
0 0.8109375 0.20703125 0.03203125 0.05234375
0 0.73046875 0.1578125 0.040625 0.053125
0 0.68046875 0.184375 0.0375 0.053125
0 0.625 0.125 0.03046875 0.05234375
0 0.6 0.1578125 0.0359375 0.0515625
0 0.653125 0.1328125 0.02734375 0.040625
0 0.6296875 0.06171875 0.03515625 0.05703125
0 0.66640625 0.0875 0.02578125 0.04375
0 0.70625 0.08828125 0.03125 0.05390625
0 0.68515625 0.0421875 0.0296875 0.04921875
0 0.7296875 0.05 0.03984375 0.05859375
0 0.75 0.1046875 0.03515625 0.05234375
0 0.79375 0.08203125 0.03671875 0.06015625
0 0.63359375 0.0125 0.0296875 0.025
0 0.47421875 0.1203125 0.02890625 0.04375
0 0.63359375 0.20859375 0.053125 0.0703125
0 0.7640625 0.04609375 0.01875 0.03125
0 0.784375 0.028125 0.02578125 0.040625
0 0.84921875 0.03203125 0.0375 0.059375
0 0.8125 0.021875 0.025 0.0421875
0 0.8421875 0.1046875 0.0453125 0.0703125
0 0.89765625 0.09453125 0.04921875 0.084375
0 0.94296875 0.06484375 0.04453125 0.06171875
0 0.884375 0.0234375 0.0265625 0.040625
0 0.96484375 0.121875 0.025 0.04921875
0 0.93671875 0.11640625 0.02734375 0.0359375
0 0.9765625 0.053125 0.02109375 0.034375
0 0.91484375 0.0171875 0.0375 0.034375
0 0.9453125 0.5796875 0.03203125 0.04921875
0 0.96328125 0.6796875 0.04375 0.05234375
0 0.928125 0.76875 0.04140625 0.0546875
0 0.96171875 0.79609375 0.04140625 0.05546875
0 0.91953125 0.834375 0.04375 0.06796875
0 0.9015625 0.9 0.04140625 0.0515625
0 0.9515625 0.9078125 0.0421875 0.0640625
0 0.96015625 0.84921875 0.0390625 0.05390625
0 0.9796875 0.95625 0.040625 0.08671875
0 0.9875 0.87578125 0.025 0.06484375
0 0.5234375 0.559375 0.0359375 0.05625
0 0.55625 0.38046875 0.0203125 0.03359375
0 0.5859375 0.41015625 0.01953125 0.02734375
0 0.77890625 0.1390625 0.04375 0.06484375
0 0.965625 0.02109375 0.046875 0.03828125
0 0.72109375 0.56953125 0.02890625 0.04609375
0 0.75703125 0.5703125 0.03125 0.04453125
0 0.78671875 0.553125 0.0234375 0.040625
0 0.6578125 0.53125 0.01953125 0.025
0 0.69765625 0.43125 0.02109375 0.03203125
0 0.1484375 0.96015625 0.02109375 0.03359375